37092.3340293762
37700.6085422632
38403.1466314364
39183.2191184734
40416.2167746953
41268.6451736861
41703.7214750463
42888.0465934274
43191.1803496959
43386.544345731
43459.0441523471
43397.4814601738
43205.4777042424
42493.7955878427
41680.8672232258
40793.2779247116
39463.8178419365
38529.3759594062
37223.8130363336
36379.1283361641
34823.5315008984
34170.8361744958
33627.8038005962
33592.9704939872
33254.0787986321
33796.7537089567
34400.0694497057
35043.0258610078
35304.0469697564
36364.6152061293
36610.5986756477
37228.841643917
37813.3635096638
37960.3234696549
38470.1623838047
38547.0291361708
38994.044243336
39018.1387101768
39425.8387573297
39421.9408365385
39813.0803436058
39805.4550804271
40201.7158620428
40207.0697004229
40224.6239267204
40656.4788988909
40304.7276126219
40370.8704182364
40856.1456614607
40955.7721438868
41068.2242701155
41590.1497229654
41711.9991557069
41426.4755891975
41520.9734672904
41186.6458554719
41210.3877898307
41183.0728385502
41093.9223184869
40539.6337697372
39916.3910560619
39626.4137503505
38876.1766979067
37679.0859138291
36850.5996413275
35614.7330697414
34394.2583171783
33619.5149113407
32114.1754290066
31903.6643394719
31405.3176108993
31431.8702151403
31990.3078831769
33076.2500774567
34277.8904471913
35574.8529216015
37337.392689753
38330.1260447892
39315.8232597765
40658.4092097287
41525.1406284173
41884.5376374723
42520.3958330554
43017.1443709645
42968.2672133024
42781.3630164347
42467.2197563582
42051.3488960033
41163.772071604
40244.4851297303
39339.7050228214
38096.3111960069
37359.4407610079
37162.1999790394
36728.5808356501
36860.6912281606
37550.5909853667
38364.7273373254
39264.9540314153
40196.9408479841
41111.955652951
41957.3990498975
41889.9146341405
42073.618733071
42485.6385414822
41914.9451918377
41162.5035719249
40243.1915922111
38786.4406498231
37237.2435381697
35250.0742049613
33290.483048002
31426.4468246882
29720.919932953
28620.1821838049
28150.0281270805
29124.4372141037
30741.6946952646
32979.359643617
35389.2203302329
37903.7174405175
39650.3425561275
41752.7855214417
42553.442474757
44000.6627930576
44858.969843114
45108.6622457286
45142.0692601906
45365.9108728252
44599.8209566168
43675.6288964284
43032.3336771917
41916.6256898568
40385.7659740347
38891.0884111344
37480.859617911
36198.7450854791
35465.7942897993
34894.4851549545
34476.3397638769
34595.2844987725
35223.3824939387
35527.996567076
36276.6690683033
37036.8281457525
37779.0450539187
38081.4933517685
38726.0639284702
38903.0091445763
39005.0855867489
39430.4541665121
39382.397781423
39266.6728896258
39093.5683652939
38872.3375580717
37818.8325363581
37948.5226502324
36879.3630549599
36631.265406509
36424.3183196972
35876.3720978878
35809.586256144
36634.6716419162
36766.2027609181
37403.6087250115
38143.4258411348
39371.526943695
39865.9107504401
41197.4402531627
41730.7195489351
42633.1686266588
43065.7918775881
43800.9238104531
44009.7656069051
44070.0922739114
43567.6651409224
43701.9130443287
42876.1435464388
41905.7345464081
40418.0788619254
38853.3407769955
37257.0333664409
35288.0222699144
33002.5292471678
31256.7490472205
30092.6535761228
29135.1156107243
29591.0436341853
30256.0031801649
31911.8190367088
33723.3540389564
35638.5565636643
37198.0288650177
38741.9857184586
40214.6482126242
40770.2783674819
41971.5177086605
41796.0834366179
42232.7748878919
42081.4898799084
41757.0972558977
41286.5294261147
40308.6901598934
39272.4728103841
38239.4287590425
37271.0150668001
36032.0308798248
35773.4914662926
35334.2312024179
35928.5967890759
37146.4793360864
38556.9551111162
40102.4005910466
41715.3731933715
42924.2309060269
43659.6657209927
44664.555941619
45089.3796423435
45301.3589808836
45279.2632917018
44618.5532312602
43725.6551867304
42226.8799886812
40959.0003188247
38777.6879360399
36548.885508764
34351.6838160802
31467.4178080425
29168.5240603376
26705.1425947172
25296.4187424546
25738.8692215001
27225.5228013441
29335.6337036274
32027.8293380808
34442.3784116549
36506.607586327
38150.3213941482
40113.0896741823
41147.8310144625
42023.6078633671
42720.9638115343
43239.9246609844
43186.5422300253
42980.209686038
42654.2291444579
42242.7493389464
41389.4017363096
40935.700957393
40121.6162796513
39382.0277871515
39139.0568643793
38604.7387834853
38576.4638722312
38644.2809215079
38787.0560226094
38979.4674536054
39597.7727097365
39814.268344797
40011.3037603221
40171.5532559323
40286.3314995436
39949.9101258394
39961.9737839761
39921.376388706
39434.7255120751
39304.4371429955
39134.8269126187
38532.7415441887
37901.4901337535
37644.5686862978
36970.7605356618
36285.5778824149
35600.4883359895
34930.2474027626
34288.8790115845
34096.2352963791
33572.5346078775
33536.0052160925
34001.328824728
34579.2834144472
35274.4956725102
36480.0715359204
37376.7881866543
38739.8072038032
40133.674887443
41119.4959069971
42056.2523729611
42908.1812962131
43643.4954470624
43834.1491206925
43867.8110862888
43736.7643822993
43046.1270601389
43010.8676167758
41662.2100060858
40633.8202794912
39177.4958264632
37742.3171272637
36385.4084483432
35552.2971227254
34480.7278394916
33986.7574142055
34474.3321461083
34725.0520294319
35507.0583726893
37178.2904216134
38084.9672224708
38579.4098893179
39412.8020793382
40146.3515718011
40351.4473377676
40410.2850087453
39918.4971727097
40082.4416627607
38921.9605724431
38067.4515447336
37158.0166596532
36241.0642109934
34967.0618374455
34588.0861378836
33944.9583554066
33869.7998341166
34381.3021611129
35077.8776991214
36343.1192076722
37742.9020390166
39626.6447783279
41139.1817124777
42224.3288687505
43229.8196244068
44113.2919479335
44441.615869048
44595.8224742849
44564.829888028
44356.0554582904
43583.0006260307
42671.0531634975
41657.9798953957
40586.202905654
39108.9619361955
37271.5595940605
35922.132882221
34694.6714172959
34014.1941709848
33084.0534740528
33096.504526859
33231.7370044076
34261.3590257872
34949.8664985212
35262.8697025528
36363.9546333667
37026.5410781858
37230.6395185133
37363.5001081978
37424.6512446173
37820.5945564524
38167.1225258983
38084.3236004333
37599.4233280583
37934.3635949826
37913.3896254043
38351.8489608331
38458.3534483378
39032.0808216966
39661.9532507659
40331.1831042357
40611.3894632074
41279.0905028942
41907.3983882703
42074.5719380115
42165.991646494
42172.8067671531
42098.3607761126
41950.2779492519
41344.6016466795
41104.252737282
40455.4456737128
39822.2150981486
39226.1988461779
39083.6612213073
38601.7224491833
38578.5756391679
38602.4927304796
38655.3030555825
38716.9297954685
38362.8682886837
38371.4394733264
38325.5881566218
38213.6601153755
37636.4832663221
36999.5112147814
36319.6948227222
35619.4506747606
34927.9535950378
33875.7746129996
33694.584314331
33207.7734713936
33633.6343687038
33776.9535741174
34833.8297930508
35988.925840468
37214.4757987129
38079.4132816101
39345.0346105652
40178.6491202979
40547.3685427796
41227.4595118713
41806.7323079728
41879.7559023816
42249.8237988305
41732.1222739352
41547.9424301044
41323.3041678103
41087.7436390018
40469.5424529674
40293.6592214156
40176.0320288008
40124.3610502653
40135.4485846731
39798.5837449497
39894.1413338851
40396.468382056
40084.922010341
40131.8401970415
39723.2841119574
39645.5879585243
39096.3221319753
38881.5260291216
38213.8234537446
37111.153761199
36800.293720382
36108.8792374856
35061.4083993092
34480.9776578205
34385.8927574474
34782.4637623185
34473.3901779753
35048.4392970965
35689.5048431917
36775.7024739485
37479.9794490984
37774.2945589914
38834.9713887192
39441.385759461
39578.4774639668
39642.2552655663
40033.8922381563
39963.2624321693
39447.1886949847
39709.47266408
39575.4034124921
39469.193274301
39016.3703478087
39029.8885394603
39119.3796459509
39681.5945743871
39902.0008474193
40162.1904749258
40833.0763409163
41083.929202985
41682.2317015763
41402.021002983
41820.8266198201
41324.4674626699
41106.5383480463
39972.5782558677
39139.2625258548
38233.055846705
36888.6961136384
35551.1228240803
34266.0357663219
33479.4988638149
32431.2885410224
31945.8646644333
32438.7407607153
33508.0684337351
34735.8549369189
36086.5056957525
37516.2175369928
38968.1284358781
39987.3441943508
40925.3193643704
41740.0971514503
42400.1094008569
42887.9525603208
42399.0181695753
42144.0312704813
41745.4329859677
40440.1763588791
39875.4594803153
38505.5640993384
37589.6370032303
36782.9261646562
36130.0809283813
35655.4424920954
36168.4352428037
36854.3470309543
37678.6066018434
38993.1098763931
39542.0807110354
40468.2188721569
41720.6538650863
41656.7758999018
42245.4531223837
42270.0974269416
41726.3803632862
41025.2250992592
40590.1206161841
39655.2473145191
38262.0483126082
36860.7363253978
35500.2099243105
34224.5828064419
33071.6102642437
32462.0489565701
32404.0336922619
32492.6963586661
33509.5357499641
34230.4335151577
35422.2979132274
36251.3061011649
37483.6190928853
38691.8178151868
39057.9276688739
39766.0130337021
40412.9323881717
40599.3004583898
41130.9474343967
41615.7342929139
41663.840839292
41685.0383568663
41682.9624032101
42061.7876395874
42019.5291363871
41952.5619953056
41855.3543320562
41721.7502530268
41150.434997853
40939.8272192239
40295.7640822019
39628.3859732978
38950.902457949
38285.7005517124
37653.3756191011
37074.2537449758
36967.8252039664
36545.4053901977
36609.8046148774
36756.2275703564
37369.4933791761
37627.5515440095
37900.6623859595
38557.380588188
38767.3079955213
38900.5387966507
38936.826658704
38859.7134411105
38268.7226718754
37970.2847244888
37581.319048128
36333.0547868586
35467.8338807697
34631.4997539975
33473.5658498981
32842.2902201079
32775.6025090925
33299.7497350168
34023.9774279094
35738.6211364046
37611.4581890676
39193.7048174825
40823.4248493629
42034.7732154761
43170.0966787167
44173.7824846872
45003.8139206978
45231.5102251515
45236.1206404878
45018.3347318922
44586.1879175526
43164.8699284023
42396.538024035
40731.2268121638
39037.4204686424
36986.0878622279
35052.0452400311
33301.4632144149
32178.2961649675
31703.5700088285
32674.3212388265
33466.7123976447
35234.8134745769
36717.1218488121
38243.9855021603
39344.3519310933
40754.5709590848
41226.926276364
41921.7364204179
41618.0652156361
41910.3518587729
41205.4119234736
40328.818685928
39316.9462919347
38222.7615906201
36708.8035782991
35241.3203285732
33488.7664602207
32304.570934513
32131.3082555273
32185.7604667237
33267.7397634965
34552.9911876475
36397.6900262021
38340.3066906392
39513.7875334557
41054.2721714501
42502.3582529529
43014.4015154451
43362.1414416515
43926.2070257353
43907.2907328053
43714.3281715561
42970.6692101408
42109.0003564344
41567.6900707934
40589.8246341342
39224.0425458106
37906.1177550217
37073.9605105735
35946.3504569492
35335.2829802851
35235.7978449081
35238.5349411924
35320.659269785
35462.1017289754
36037.9935991281
36229.8974053188
36820.3589751444
37400.6593643043
37566.5505171789
38117.5327716229
37857.4504057563
38392.6732890505
38923.7061922206
39055.7083407452
39585.3772344668
39706.6108392792
39811.2078314465
40287.4693790926
39920.0035565856
40300.1082722997
40218.3406324526
40069.8019844451
39861.8698987102
39203.1582446983
38515.7491282966
38223.987302991
37560.201507383
36956.2238476157
36843.2042654365
36843.4782570917
36966.528442437
37212.2476381068
38362.6391481434
38790.6236626596
40055.8848804329
40514.1135558857
41319.0986998494
42029.9409220603
41811.5625556291
41840.4015729596
41701.3322376803
40995.8043440569
40136.5666332271
39153.9428206847
37687.7176114217
36192.6562193665
34732.6884750317
32969.8278431969
31761.7681160045
30749.9690032873
31158.8522275011
31793.3554317967
33438.0025574322
35257.0372127911
37196.3117565683
38389.6312944388
40368.6944037876
41469.6485096832
42042.3515928615
42846.8259881834
43461.5327865894
43474.1619461229
43688.9822259097
42527.905614268
42021.9572655676
41416.0454500038
39964.3403246093
38927.1245379261
37964.537525271
36731.9477921181
36067.6939462245
35993.4348796647
36109.9013870565
36795.1735512851
37610.762955036
38507.5908760194
39429.1266511001
40319.7286489439
41130.5755805045
41425.7988338812
41576.0173934872
41568.9624982959
41403.8931939112
40694.0362136341
39864.0337398007
38947.2304045761
37588.4754159073
36235.7031345848
34934.7821047744
33732.2444864989
33459.9344824465
32538.0451846865
32973.1509376393
33554.2427261765
34662.2566959212
35462.8481516073
36718.5019248324
37584.4401189766
38822.4845648966
39598.8843377804
40290.1749566611
40482.188217532
40572.6312508507
40968.7092876702
40886.5458061492
40350.6565491767
40587.8449735421
40025.7798743667
39892.1294641815
40206.7705632686
39780.7526912718
39816.6465064331
40305.851776902
40430.5079318931
40567.7619356731
40690.9019561383
40775.0588596709
40801.755564508
40754.0072230272
40228.2814949807
40025.8439888983
39363.3462106946
38659.3988034013
37943.8197068837
37247.7665451748
36602.288552338
36033.9145807093
35959.0541960987
35986.7820950095
36510.4296092399
36716.9748042833
37376.3391530002
37659.2000257385
38328.7541031522
38952.4375244111
38702.6792103672
39160.3014207899
39114.5637436247
38569.205675433
38337.0739395844
37646.0203342696
36925.0921557558
36617.908315361
35962.1794955502
35796.6732095745
35351.0449288904
35839.9844128499
36466.0675343581
37611.9319466011
38450.5467215801
39741.5120452614
40236.637312228
41092.1704023832
41866.986891927
42526.7629869625
42652.5662479473
42635.0310580174
42476.1626192582
41793.6338472059
41414.7582059969
40174.6769548877
39718.403974816
38487.6231798196
37724.1178452189
37059.0516707656
36510.7118733964
36485.3831650212
36571.3977555189
37145.4898223103
37377.2399052924
38028.1681087457
38263.1897785753
38850.6885268035
38965.7781362667
38595.0041821059
38535.8461613983
38395.5847984887
38192.7370580243
37554.6567382893
37313.4630127993
36702.0764211918
36155.2936870959
36498.03766661
36544.3674823657
36697.4402476764
37348.8320103238
38474.8808031973
38843.4809365274
40017.3042640557
40359.1603132314
41032.7603404732
41209.0256240582
41270.0570339736
41206.4376453321
41021.0744509505
40731.873370223
39962.849253114
39150.6498159317
37936.072859099
37163.7312931433
36475.4108426188
36302.5534465165
35865.9605715566
36369.4585763463
37005.5781515102
37345.7838032167
38155.2902366386
38988.1843934717
39799.6442531635
40544.488078357
40787.3636403621
40899.6201185398
40863.658388561
40278.2835493544
39951.5969598416
39107.8680197336
38182.4563483008
36823.1447456912
35883.2062230548
34621.4352036996
33487.7057071587
32926.521854041
33361.8806009114
34000.6010971725
35628.9779671549
36613.4731816315
38503.2979960317
39636.5046623398
41148.2747498298
42181.8825845909
43083.6300227213
43418.3981468413
43560.1573818374
43500.3626318967
43641.3975410284
42404.10893716
41824.2426133138
40746.2920200852
39229.1419610816
37736.5879865578
36336.2359308447
35080.1565002583
34410.410417138
33946.9741642393
34484.3098362628
35598.8236086612
36446.2776298295
37372.8356471433
38318.3367660696
39623.7290876017
40041.7255799244
40735.1780287443
40479.1113425281
40465.7317973701
40298.5300408637
39997.0498309506
39190.6803466161
38319.153585401
37027.2065563327
36162.2961880172
35367.0583123806
34276.7939388987
34116.1557305605
34095.3568379267
34208.8923114561
35240.0566144014
35962.2644976467
36743.7152381909
37950.2362964025
39148.7582639328
39912.8063313101
40223.4509696818
40873.9917773422
41461.0317581234
41589.5102033649
41672.7930762614
42119.8845422342
42144.5492017074
41755.0896484984
41756.3250619029
42147.7993676482
41719.3636146541
41663.1302743139
41564.6393072972
41009.7544099844
40789.7757429874
40098.2661886858
39339.3569142851
38526.8364656516
37278.7938834779
36429.8319921201
34815.4598775845
34075.3375389105
33445.3170119912
32955.0154662944
33022.7486870777
33650.8940346175
34830.6564136878
36129.7283014976
37109.526369855
38514.697256904
39492.7154127064
40388.2815109002
41157.25957252
41362.4633898621
41783.2297873439
41209.2668189663
40849.0596418897
39927.9119287358
38886.5768936439
37382.3764752293
35885.2635345527
34471.3910083052
33217.2158007762
32581.783822118
32605.1856475307
33302.1511717249
35460.7616427627
37037.9047551462
39163.2227179558
40953.7764067537
42719.962988556
43985.7524411325
45082.3183814844
45559.9354607885
45783.5500740012
45733.5346813917
45411.7885928626
44431.0571996791
43226.3152437679
41849.7170524243
39569.2734674108
37270.2666294647
34648.716872199
31799.3762238786
30000.8465742101
28096.8640499682
28097.2954792441
29590.1017452495
31346.5851632686
33708.5970624278
36194.4309549095
37915.7875339849
39986.3967405626
41139.1977916293
41715.0507592248
42479.8467267016
42612.6112845057
42909.5818222049
42189.4740384587
41277.6248923685
40619.7009630523
39474.2265706191
37510.6307568212
36000.0532867561
34613.8145978366
33811.8209905859
33231.7938595375
33290.1689946928
34377.4732260804
36063.7626258444
37093.1828373319
39003.3073743863
40123.5080392117
41589.8013938397
42550.4114646208
42967.8668654385
43614.9771004946
43685.440354805
43181.3214653551
42920.8459383613
41727.8906359964
40838.2073653163
40292.0000225318
38928.7228222698
37591.140399763
36712.8401928385
35518.7547041037
34824.4994565919
34233.2928442041
34141.8914598375
34137.0347173313
34204.8532553338
34728.0583589774
35293.1544440907
35487.3045936843
36104.6543268613
36741.524792267
37398.4269044536
38078.5483773932
38780.4236024033
39504.6405964222
40242.7974832152
40982.3491976651
41708.6353393136
41998.8527552322
42625.8442649446
42769.3386771258
42804.4659514111
42715.2254580789
42494.7055790761
41742.7221538817
40874.3253091384
39915.0849441948
38504.3663222878
37092.0843681324
35737.0935049395
34496.1382013997
33819.2183510459
33342.5660766186
33880.8224001546
34628.7611400895
35956.9038986647
37416.4565846909
38942.583901926
40064.4983024205
41513.2033741065
42028.4799082799
42359.5782783179
42472.4003952494
42350.609050859
41591.2611465275
41013.3300606425
39455.5498115822
37773.1610701036
35645.9437891631
33560.0531381112
31211.1968489873
29083.5167568909
28033.4298335667
28089.6528414394
30063.0247777559
32338.1262890564
35261.8006216634
37946.6294361958
39891.2826042707
42196.1289077673
43575.4224418001
45162.3028835865
46105.6553314931
46379.7200773417
45969.5534285342
45681.4277254797
45139.1596304432
44385.965749336
43075.5901032527
41281.9541511565
39488.0879688807
37380.8833806235
35444.4446197847
33741.169698986
33104.0902720668
33135.5298379805
33808.7935532032
35075.8824241691
36469.0367695852
37515.0100082372
38541.0366035274
39483.5979460261
40293.4202934377
40538.3964482885
40600.2067656283
40478.8371584826
39786.0944154484
38953.6286499108
38019.6434391021
36634.3496152988
35653.5263310252
34335.321895413
33128.092846805
32472.5945642837
32393.1681180112
32896.9458053661
33976.1954292861
35204.2234101218
36541.4932359547
38338.5513131304
39343.413190642
40709.0110629207
41596.7760793804
42377.7170720416
43035.9612908245
43166.1741776447
43176.0857581056
42681.8333860954
42907.8387440256
42280.776772232
42030.0187031991
41382.4007859553
40758.1631437444
40570.429389579
40426.648433247
39916.7943966492
39432.9734109061
39356.8380726343
39267.9873676428
38753.9724371761
38198.4996930926
38000.1293531978
37360.1355410847
36693.3035469954
36017.0543252058
35361.5640369246
34353.2052731536
34222.3598032142
33792.2780473422
34678.2632571997
34882.7966823556
35597.6405501365
36798.5656534857
37651.7533547019
38516.5460152191
39747.9467753751
40104.1083013982
40749.6907991538
40859.5028472205
40819.8238250233
40630.6267189866
39908.0944478714
39482.9152619816
38995.5952034505
37303.9860395777
36865.3748056415
36137.6822871074
35970.6862142072
35599.6296256314
36231.1742519978
37054.7270174391
38831.6410300621
39905.3124333111
41008.7283027775
42472.4609095192
43032.6478813738
43838.1028697824
43646.478981564
44039.6638989883
43409.1655267122
42566.8286555602
41939.7732060572
40377.7772458764
38738.2128397463
36696.4846829438
34327.0274310696
32905.9212708873
31685.1438066145
30698.7727392853
30750.9483437095
31826.6446711392
33092.1432576644
34894.1017757707
36365.6158651816
37839.3115664752
39252.3271680643
40154.1481718521
40908.2860558902
41096.8135402514
41514.435860501
41374.9376514161
40704.9885626097
40344.2143893563
39939.6209989742
39541.1077192278
38404.089973501
38169.788867395
38069.1528594543
38113.0680669098
38696.2220614802
39390.4127660243
40157.3622069667
40547.0594593969
41313.9806401002
41607.2984287506
41795.9980138167
41849.9226167632
41762.6021183364
41132.8992321564
40378.285179284
39527.1129344135
38219.3271405881
36899.9163512869
35617.8238752842
34820.8849647066
34143.2623849308
33610.3924995798
33629.9504102625
33793.779021039
34480.1745205985
35655.0117259534
36477.4166259389
37700.7920145711
38479.9596121767
38779.8219262931
39373.0772376341
39844.7067695675
39792.2279219128
39628.8074803159
39377.1737983354
38672.1337673824
37957.1034676847
38082.9677711858
37091.8850286614
37426.0350534528
37506.4649366468
38143.43186156
38922.3854274014
39815.0249168402
40773.9094001668
42146.0713176855
42675.7420275177
43510.8570411635
43807.2823852045
43933.6894964496
43870.8314854472
43212.0587216519
42770.5835866504
41768.4614896613
40251.1366820634
38270.9673855942
37094.8455084578
34790.662794031
33423.9393215837
32244.8682740375
31281.8378097628
31740.0574869157
32404.3212811975
33639.2097520023
34992.187736465
36400.9481928172
37400.0942576812
38729.0531432422
39539.351076874
40195.3104590693
39880.4613254964
40191.8378977787
39546.0213708577
38769.5104324911
38309.5119328049
37018.7053219184
36157.7520819431
35784.4977590671
35150.8722808924
35092.9410218902
35627.682590357
36349.9010581978
38033.0376604369
39429.7344839966
40480.029878342
41925.1826710572
42904.0749524505
43770.8670013209
44090.1776121366
44240.8319739629
44219.4090618984
44034.6337094931
43308.4669888162
42475.9391801325
41576.2790267603
40655.3561455157
39759.4389672305
38525.0877286571
37779.3115406614
36735.7925762916
36594.2036662215
36137.2093276119
36141.8158241312
35779.7800771624
36220.7696887374
36240.0300462277
35818.351094339
35749.5671159276
35635.1180160349
35089.2531482944
34534.308819163
34798.4850553057
33915.7375625069
34316.4917254471
34824.18731601
35452.1839399337
36199.7599857914
37453.3090426303
38780.9429847365
40143.5990832339
41090.8908050935
41976.5738946472
42755.341572834
42993.7963152191
43467.8126134809
43364.7318016326
43089.3260855152
41861.8650199749
41318.2489303135
40305.3262269504
38880.6853262812
37912.4114285809
36261.3146035561
35978.6696271574
35099.5777735738
35631.2516270507
36361.0843819097
37653.207183246
38251.3141352282
39691.153622901
40704.4452237097
41629.7720428547
42011.6366984343
42211.9251973841
42204.6311640769
41978.6743354051
41144.1326905136
40124.3731334858
38564.2810065103
36522.4055812368
34874.3850494879
32506.1591883017
30697.2125099267
29114.0931133416
28597.770922643
29567.9508686688
31621.6762984549
33533.6112476354
36039.3956928903
38657.680698379
40492.7062228019
42259.7940016098
43482.8339066371
44507.2363685972
45290.1656765099
45411.8329423437
45265.8091705963
44468.0411166661
43845.1293166801
42246.1959605683
40935.8860975658
39190.8606037396
37498.0600737692
35543.0224623279
34196.289044903
33108.6861867202
33092.4979840489
33336.832861955
34998.0932622763
36416.9785069887
37914.9348695423
39013.4896229748
40040.7732650398
40937.9075367703
41264.5200131848
41394.0430492054
41321.1184454705
40655.5004753724
40222.7947088432
38865.4534855728
37834.4221928584
36388.4617970927
34993.5274254154
33705.6978517079
32972.298100921
32422.4075233276
32865.901151713
33895.9027337331
34687.3450276809
36397.4381004834
37777.8789804882
39174.9991203501
40537.3963766334
41429.3706581743
42220.7436880122
42497.0875144813
42656.5745724133
43106.9169743094
43066.4042779937
42956.3689836982
42801.9917663182
42626.7438607134
42051.1106293444
41886.7581534177
40935.449835602
40795.9463499863
40654.453328417
40096.2098417087
39907.2123307591
39273.2091643209
38188.9666047484
37454.9642596855
36681.7463281954
35489.9232095622
34310.694849592
33577.5227050956
32526.9935284789
32391.3093477137
31994.8990608186
32551.780710441
33661.6903350022
34908.5149097876
36260.2865448332
37271.7001737238
38691.3003675345
40062.5667725663
40936.0479891523
41269.9399019166
41834.0910556739
41811.8257268819
42004.4253947745
41226.8564189826
40311.9192640561
39309.0437561622
38280.7448671336
36898.1641897195
36035.2705798685
34954.5752987501
35304.2755677935
35504.0533444742
37146.6394410244
38594.9460830012
39785.0805509109
41441.9718856377
43083.5947991141
43834.9453522006
44827.534985363
45215.442928139
45361.5688910156
45249.0836385555
44076.0796526611
43461.6494822076
42241.3708966008
40469.0292874321
38214.6169670711
35965.4523393445
33016.3119157219
30656.0308645627
28151.2399458795
27532.0189529948
27602.9835968406
29147.6967598846
31336.0264753286
33306.6441943438
35780.3054710961
37869.4003069607
39091.6298875737
40583.6303787891
41496.000691094
42196.1639787617
42271.2716702409
42125.6300273166
41779.8716302449
40871.9496838928
39851.3934864751
39182.7553510663
37737.2085623449
36784.4269398805
35589.1587490523
34995.9335193594
35432.2905745857
36092.1076160634
37348.5802167562
38750.0832110035
40232.0449722482
41320.0599391585
42348.7974873848
43263.0337442655
43216.6714090353
43786.7664036209
43757.9679208863
43139.0403791509
42345.5202570207
41414.4902342797
40388.472674251
39319.3610518909
37867.8436935138
36087.6512042088
35222.0402770415
34104.8923913867
33549.201217831
33550.0404980164
33689.0632261134
34734.882979924
35049.5838023012
36189.4597907194
36917.226469111
37600.6455927227
37815.4628982025
38354.0190630996
38415.4150814561
38813.3419474388
38768.8722529345
38706.2057558484
38657.3475522777
38644.7290424086
39092.7380052927
39206.0657158391
39385.5935729888
40417.0707600196
40674.9176927299
41328.2033545993
41543.5932291041
41687.7257409559
41737.7683339149
41674.1138129535
41092.9012493228
40399.0253687191
40016.0812192228
39172.3309247161
38308.3584302184
37073.248343227
35912.0917305781
35264.3648159386
35159.6251933531
34809.7793611979
35809.8009272138
36536.7826554409
37353.6902068616
38212.6937586557
39061.5551221183
39452.66965457
40141.3614746831
40695.2262517106
40697.9562424821
40143.8396505671
39844.7962183401
39027.4788346658
38132.4937346681
36812.4987478936
35926.6357790477
35131.8527167572
34481.4535366777
34411.9439575721
34941.0142234001
35666.3396060414
36961.5753524668
38380.4072890098
39863.5202387755
40947.7613190896
42368.5872288766
42876.4936821252
43628.7841858671
43797.4229099356
43773.9869876093
43560.3579189586
42777.4129783331
41857.8405408857
41245.7621169176
39799.7051802819
38375.0867232606
37432.729205407
35821.4155914036
35172.0038316507
35098.8510767528
34792.685827465
35828.5242051454
36163.4575276849
37350.0449391735
37735.8703798822
38472.7702524941
39121.5449368121
39254.8288156138
39256.5481006435
38726.3036451281
38477.2003107096
37736.3640605467
36539.8315991568
35733.1071181545
34965.8796119568
34285.9904037153
34131.8600792884
34131.9798007167
35099.0651317739
35829.4271564711
36697.8107370161
38066.4539164908
39885.1164517084
40897.13816714
41848.8178071671
42696.0696672177
43402.6339980654
43546.9015516806
43918.9719158704
43323.208255725
42979.887517833
42121.5106364045
41192.4276443467
39843.6354744733
38930.6211513277
38105.4089327648
37411.1020369685
36872.8694074343
36497.5865262039
37072.0090326048
37765.605094662
38135.3868056897
38929.0215840975
39692.2544919461
39982.3303303368
40158.664063376
40193.5067335802
39675.4929848009
39405.5777865879
38604.5450083722
37300.7183173354
36342.9738299536
34983.3717625921
33681.5049545682
32495.7555595106
31871.3926445999
31836.686321623
32404.5428576093
33967.4711667173
35294.5665527583
37137.6613495206
38637.8725403503
40129.4456801214
40754.0174489805
41659.1485059521
42410.7528815309
42985.2488658615
42977.6894098348
42796.7263055244
42066.0380520296
41622.7073803209
40713.4191403692
39389.8500751826
38508.7169527771
38120.4569184472
37460.107203777
37351.2172316256
36995.8306094227
37577.4638167411
38264.2544921674
38611.3703816901
39775.6345440309
40109.3462073793
40773.6042490676
40542.411907628
40996.7811493005
40533.8720538353
39963.7847237278
39704.3096664136
38985.0120097587
38238.793381441
37501.2980193595
36805.2534997101
36176.8024630418
36034.335224854
35980.0986476463
35611.2712732958
36110.350655521
36254.868038092
36818.846964275
37376.9946211039
37507.6712945914
37996.82376994
37637.0568635333
38033.1673018793
37996.3090907482
37945.9279215081
37905.7531251569
38300.4541102674
38353.2976553763
38479.1100574615
39082.6959779568
39358.8264264897
40489.9449282382
40847.1513790054
41594.8443184543
42296.539755635
42117.4481938658
42625.2578330051
42198.8982129916
42024.9093484795
41705.2772886776
40855.0048602234
39500.2050207992
38481.4926560745
37052.504693681
35268.4100312425
33990.4436736736
33265.871918662
32331.895892973
32806.3042089936
33486.3537622516
34752.495048212
36161.2118793155
37657.9604250697
39177.035100635
40254.5899625979
41630.3165269049
42057.3596580825
42700.0250427751
42736.763758096
42562.2332002488
41787.6026399874
40838.4062662932
39758.2384751797
38605.8136725441
37051.9538144591
35171.6955904744
33842.4219729152
32724.7450924981
32657.9747229115
33257.7056775755
34911.6074839898
36379.548002803
38398.1366241982
40086.5721097525
41362.0674399994
42950.8841147301
43986.0515781239
44020.8362672944
44221.0582275751
44570.3016610499
43868.5646813912
42932.7113590149
41797.8770886846
40515.2645058572
38351.1183432075
36183.7062951773
34102.5946226696
32185.263879979
30099.3899515842
29076.4304203882
29125.6925147757
30632.5811867499
32365.995948082
34268.2122736373
36267.9154504081
37885.3659411011
39448.3779396986
40897.7899587159
41389.1249000624
42096.1183059622
42606.1973059597
42524.5140949697
41871.6094037728
41475.9740231596
40583.1275508856
39640.0612342395
39101.4574233625
37819.2745180545
37036.0150973951
36385.2537508259
36683.5208847703
36729.826139214
36909.6632510593
37994.06685005
38746.5814389369
39528.6631132278
40301.6423775285
40637.2806360415
41310.949167421
41508.7271862249
41228.4051407617
41270.5451966059
41243.8525245767
41160.1165845446
40634.1398362563
40874.905748019
40294.8904113013
39697.8635061165
39085.3604187373
38857.1472514421
38208.9831818591
37139.4421695453
36847.9149387711
36136.6631640297
35418.7259624216
34306.9484661295
33624.8378998809
32599.7111468573
32460.0932215704
32430.3950626225
32933.1798538539
33582.4190296688
34778.1394731307
36105.7642530964
37937.2021854332
39029.73764072
40531.6451212407
41990.8182765251
42556.0309304376
43382.3661917531
44035.879100152
44091.486213578
43940.8053382356
43586.5999100935
42652.8898526879
41575.0990760691
40003.4869664529
38807.2190028043
36861.3642312543
35445.0858410595
34223.668753622
33246.1365488591
33734.7538163288
34881.7116609606
36252.0042933957
37789.6429785641
39414.380140774
41049.0983825617
42212.1065674113
42837.8047882865
43275.048861692
43885.0527065845
43449.810459192
43164.0901225806
42243.187793451
40716.452330991
39437.522595167
37668.0223908759
35090.8390803357
32994.2588744906
30263.7070606207
28569.1855821302
27149.0043893608
27614.2671553854
29164.3219831809
31374.4178135512
34194.4643998357
36344.6456342003
38536.1127437583
40286.1025513073
42322.3624193356
43388.7838608858
43846.1266717909
44070.5449854356
44458.3402944587
43819.9157235693
43376.807355121
42369.6482159648
41247.2512732484
40471.9662589431
38510.6625013591
37430.0683519406
36089.7979035812
34934.7538326512
34389.4000984544
34851.4712385463
35101.5870240952
36300.2979843917
37596.767608802
38534.9515891871
39458.7344836292
40321.326708053
40683.6070495587
41319.3240277972
41417.7851206302
40978.2988310186
40810.3318873143
40138.1587583962
39386.3471575739
38990.6792760088
37785.63599423
37407.3711929111
36682.7856864461
36036.7746144135
35480.1700090512
35415.864967713
35436.8645355061
35930.2300201535
36077.3609368306
36659.6714478759
37257.7292740132
37858.265553266
38047.2943931214
39023.4835700824
39187.1786760076
39341.1867959153
39892.5196733546
40046.1722831038
40604.8309102082
40769.0226374254
40933.4022930142
41486.2699264975
41613.2901212748
41695.7379592733
41715.8936132322
41257.102470612
41108.7494239546
40463.8814719802
39726.9434264187
39312.2677408568
38441.6059782032
37151.5867790739
35880.0143920168
34672.0956461671
33569.5650734387
33006.1505056276
33004.4497980364
33571.599255796
34699.5345086755
35561.6324547797
36917.282079818
38315.4195564666
39302.5716184014
40223.6592329422
41034.9061594096
41698.1532774199
41792.28027778
41707.4870889544
41450.8453047241
40643.9971615946
39721.9260999313
38733.7810121326
37340.3191597164
36405.2876393096
35590.5354266837
34948.2203269487
34911.4512439982
35492.9596172903
36679.7376604017
38035.6009443779
39104.9961686027
40621.9717890685
41715.9937649458
42727.1126899549
43601.241726388
43900.8436237806
44003.685654826
43900.1124649304
43197.9913936245
42317.6119145918
41298.5101825246
40186.4982269655
38238.5377830501
36715.4386650975
35279.3677234346
33577.6017506596
32847.0069708534
32302.4086011992
32338.4304884499
32937.5575351224
33666.6469000811
34882.4237331402
35739.5661957553
36990.5780651247
37795.9819774082
38523.8409934687
39154.8603525586
39277.6642390814
39697.940152222
39228.3775633486
39489.371703575
39311.3917197194
38724.0902314065
38560.0572373279
38446.2938661201
38404.3456294797
38845.2142457939
38970.8570157134
39568.4032004169
40219.7314976339
40496.4787288506
41169.9366635534
41809.6668521027
41991.434914255
41692.563166368
41704.0824068803
42021.9296697693
41453.81964956
41211.6175973561
40120.7837471568
39405.3766011219
38698.1183210172
38424.5789214122
37811.8614472592
37674.8392846359
37222.7906913122
37252.313614058
37350.7508072988
37496.2563005008
37663.7079006365
37822.5984305942
38345.8629735531
38410.7066562779
38398.9085435032
37903.0803638614
37725.9788093552
37078.5943817323
36781.6923046138
36067.803114614
34969.6735692246
34326.5279358425
34571.9467607135
34137.4493979802
34237.6941897388
35279.7785410851
36453.9173887414
37332.9104374839
38682.7234703556
39656.3448925934
41008.5245850422
41895.6378130947
42676.3589534668
42924.4120096527
43422.8825678489
43367.778406572
42763.0733447986
42432.2181460343
41603.9608702845
40717.5898415811
40218.0524370186
38953.0566328266
38165.3139663975
37486.8531510144
36937.4075850115
36921.0129981945
37022.9191778006
37219.7398798334
37876.1006902253
38151.3587101725
38808.6263011918
39012.4446531532
39139.2804075343
39172.8599996295
39110.1977192611
38558.2928978439
37935.2669087933
37664.5364140095
36978.9492968441
36311.4915114448
36092.4468416572
35547.8606376677
35494.7547661566
35939.5404692877
36077.0961338824
36691.4033432402
37758.8866226734
38052.790302109
38739.8650207915
39396.4403233811
39998.8186920374
40534.4262232541
40600.8982940643
40599.9299158459
40547.6547963857
40462.2075705486
39967.3543837581
39886.1393087809
39838.9473627177
39838.8228317066
39889.8174469044
39986.529866063
40114.7154384233
40651.6821107471
40772.9563255503
40849.3833465605
40457.114496553
40377.1442294508
39798.098195851
39120.1786775484
38352.651040439
37114.3722955964
36241.2646251621
34971.602410613
34150.7044962875
33021.6592637598
32424.7871279428
32388.0696300118
32526.4056367016
34039.1799349936
34909.4364464556
36703.8820749647
38173.9072628278
39263.3720098376
40716.6458655083
41682.6791032891
42516.5946564935
42787.9901124895
43675.0764831728
43175.7773215836
42893.8874798646
42051.1253322293
41485.9651292391
40042.5870357884
38981.4045439256
37562.8436380229
36651.3933033587
35498.9343238717
34945.0668853074
35005.3645644162
36072.83061591
36921.2258096278
38302.4154188847
39355.0307037878
40418.8161642413
