480.149249558919
482.834309787296
486.968008562448
492.438160028434
498.986661360402
506.150947960802
513.305450823271
519.740640460601
524.800134529412
527.897508204627
528.744838495682
527.267179033321
523.694995428465
518.405216468185
511.849660573361
504.522735823208
496.852938825041
489.301968817035
482.21635796026
475.931986180371
470.767042913009
466.943413301543
464.645527561109
463.972146824701
464.878483013181
467.237800065845
470.75325630744
475.062422134949
479.711108088655
484.261887817941
488.375754163067
491.774820888573
494.365406572504
496.140575601388
497.209758280998
497.723238444611
497.83156061073
497.695339129284
497.425438442433
497.105446910306
496.801131609428
496.575707342985
496.433898617815
496.419111851717
496.565966695191
496.888668077811
497.430032675596
498.242474953653
499.366961815908
500.805058916601
502.557663598944
504.614378762707
506.85004072806
509.124790536461
511.216682549786
512.886707383732
513.814465041084
513.772248664828
512.536775637175
510.039581981232
506.27668991516
501.404353396373
495.642475556997
489.30360598357
482.698428984405
476.174926999944
470.012410015221
464.548582597691
460.038850875897
456.768409716578
454.988325014125
454.943427458247
456.844650589929
460.778048357565
466.739888174676
474.540198488977
483.788577071375
493.817256391366
503.829283898901
512.898102972499
520.188182936424
525.050383777423
527.237736656499
526.811000399109
524.107805139451
519.652255000476
513.962639246318
507.530659490575
500.743852438494
493.956955801291
487.482092854631
481.645807835971
476.812522423493
473.345558624336
471.701028517475
472.230175669776
475.280599021162
480.903162601386
488.944884498456
498.730684033238
509.20628634523
518.895589165385
526.194350124138
529.789067565158
529.063784860985
524.162723160274
515.935437722962
505.515764279209
494.039264485011
482.459408774187
471.429664301173
461.434280286816
452.863974893203
446.104031238984
441.564736546056
439.669159996505
440.886871390953
445.59142454113
453.961485347795
465.840575666041
480.609113690898
497.112893347035
513.645816563312
528.35440102268
539.532782679424
546.139170459595
547.99955625865
545.661088230379
540.099278426678
532.363511648949
523.387073486705
513.833731180762
504.19596666354
494.887127817703
486.18043886437
478.386708359697
471.856259989415
466.860792626209
463.72161370433
462.617166580234
463.667743348065
466.801970849617
471.745907064933
478.046182097223
485.041692273555
491.982275439411
498.143036648254
502.903759748203
505.909358840896
507.049584700187
506.451615041181
504.436874509732
501.365339493129
497.641501166607
493.557378629193
489.400587264587
485.378123891964
481.650776978954
478.355130172437
475.632546021182
473.597353831606
472.46163634277
472.35614792515
473.529639404962
476.136526189226
480.344287648285
486.196611370753
493.61021796824
502.289334488061
511.671109235318
520.995222905955
529.254717474676
535.499469836813
538.892912977031
538.971091187734
535.7165989747
529.566787224451
521.155040137641
511.217379529489
500.456106652998
489.475229729784
478.718792902871
468.606095804394
459.481000953333
451.761476235879
445.883645806069
442.339469446239
441.582245439481
444.036799132738
449.984715344466
459.379677287652
471.729891304256
485.988679309735
500.579318068376
513.599977300143
523.303116367814
528.576225061934
529.26975519561
526.028517520826
519.979606858463
512.289088169727
503.91611260892
495.516620777673
487.500634516013
480.148580122279
473.683022568148
468.391610699266
464.621796293772
462.826109005907
463.495593404284
467.076896076077
473.918423322607
484.041886713902
497.046993164564
511.933076023665
527.052135659746
540.345002691781
549.711022421663
553.674729112252
551.764586587554
544.627590117514
533.552344046806
520.0853149725
505.538044241629
490.944898259519
476.967551297133
464.095270528639
452.739522818083
443.287575611067
436.205775712895
431.999419426985
431.147754377872
434.091792615748
440.992110833497
451.674043740176
465.483729123067
481.159581821714
496.99845989062
511.114546426226
521.953389435726
528.687724430028
531.288435036024
530.408532216105
526.972184222933
521.900704713976
516.010007589444
509.833489029914
503.766041301027
498.082306703442
493.008908239847
488.765898009682
485.523315808841
483.452071372017
482.647130785317
483.179186386696
484.941818010511
487.755136988259
491.35082520941
495.315781043075
499.268587120041
502.799238853477
505.594652802651
507.424614324406
508.169211912751
507.798135148226
506.423119811236
504.132946141544
501.096222695303
497.484857983768
493.456551406648
489.135232579032
484.696576427212
480.255792463645
475.975359377317
472.026441205542
468.547807103145
465.737238634642
463.814332962572
463.003011023648
463.521669445766
465.595350586088
469.43366245458
475.113569582684
482.54554108305
491.488170127777
501.386433593444
511.460898167892
520.716145190671
528.207646136689
533.103676480619
534.931807775333
533.709366268761
529.766883766676
523.680884724285
516.103891982918
507.662545957184
498.849104976492
490.147641949226
481.883632421648
474.493147432293
468.342280627463
463.884431666413
461.512578389342
461.624401946556
464.44119330682
469.95538506306
477.845387666072
487.29871345863
497.206842812477
506.136141934723
512.729440200925
516.050655569127
515.808250057301
512.364204309338
506.523923371374
499.242795938129
491.407634492759
483.684461785886
476.587918112946
470.482862506548
465.711632978291
462.541139964026
461.267961387134
462.200739049012
465.523070245084
471.36915399134
479.633265768649
489.912099351303
501.496643714213
513.343222966555
524.220233775029
532.915790922793
538.475316834487
540.467904696136
538.915682805108
534.324409268898
527.407784929936
518.91496722755
509.575996140971
499.976532776502
490.668468856074
482.03803030211
474.521659918561
468.45161406153
464.190499397962
461.951501869869
461.845977681333
463.827580221657
467.613193380049
472.692611192603
478.400291247087
483.922879645835
488.599660553277
491.949669498079
493.758183888702
494.15855136137
493.424151212602
492.008438216883
490.309456661018
488.765511755305
487.656815533358
487.271891232263
487.765040536332
489.224821182275
491.667330915096
494.957567164426
498.887989955807
503.067961504331
507.126579902224
510.620012469783
513.165859141557
514.505224223771
514.529847850932
513.301201630609
510.996913821184
507.902641341706
504.352767528992
500.729823248277
497.360361302398
494.546932344379
492.52149577788
491.438684600545
491.312962751451
492.010729321206
493.253427867941
494.670061278025
495.779811262223
496.151276747702
495.457992201495
493.538952423753
490.474472681655
486.489357316941
481.954299176628
477.259148508953
472.829734669297
469.055134249681
466.315069707741
464.914301340557
465.113317914224
467.058948049365
470.770416145131
476.136204432592
482.788135428245
490.213481168186
497.730485086684
504.636043105582
510.275253706023
514.209687130682
516.299943512208
516.607195494093
515.393185481856
513.041859101436
509.966121253119
506.551858891596
503.144087986891
500.054205992619
497.55372385271
495.840749711313
495.046776960781
495.198793387567
496.227557961451
497.910904760678
499.88693952786
501.771467860933
503.064353085847
503.411110515366
502.536074407606
500.395537836218
497.113664157389
492.968061115969
488.30252697476
483.554661434317
479.147968360576
475.426666439098
472.70751187633
471.258284349294
471.19920336521
472.584095989468
475.307925239806
479.106835435715
483.62442589605
488.389017403792
492.89442853414
496.703899503867
499.490749219809
501.074677749245
501.492060570136
500.864756560214
499.435902534456
497.493554783004
495.335752383494
493.291111523209
491.6327716207
490.67775066659
490.632300317718
491.715300255011
493.989172292712
497.39812141294
501.731799066138
506.522838028822
511.187831401821
514.973430840906
517.243800568474
517.480253690987
515.466569379625
511.305712823784
505.343084645415
498.130051172742
490.245108190688
482.212572225044
474.565607377807
467.738683281903
462.162003378157
458.274295019636
456.444692513542
457.053391790749
460.350272127136
466.410162479355
474.987185725364
485.523058058871
496.982375745958
508.04936902522
517.34610760227
523.735809221596
526.603536740118
525.954146429209
522.318079090197
516.536194011415
509.421808979647
501.697767765736
493.920434413662
486.541507445127
479.955934232902
474.558278660172
470.756901939126
468.932035139489
469.460736723217
472.589420249586
478.309198384681
486.284845196517
495.818442944578
505.772573549648
514.814212964871
521.6009624926
525.152095178985
525.092528985267
521.644912185277
515.51567934649
507.59792560869
498.776275831264
489.758849439317
481.169794523644
473.459011183848
466.98842127422
462.093571239582
459.00784190374
457.929521603945
458.94065990358
461.953240851393
466.750441036754
472.917939729943
479.909514472056
487.089571516603
493.886824212484
499.854622991338
504.684763389236
508.313785643258
510.820044457669
512.365683225686
513.17168740013
513.459704699238
513.388467418998
513.048615064636
512.492865525809
511.679752394111
510.550718387317
509.020802287386
507.002142892436
504.464099333269
501.397249344371
497.867992874371
494.015784988991
490.006847044881
486.115505652927
482.624257423809
479.826955631652
478.062123298753
477.577357624279
478.565961403475
481.07333330956
484.962051984432
489.848290885489
495.120238450026
499.978302480004
503.612527109357
505.349879645874
504.863738051103
502.144419817489
497.592296272586
491.730746352645
485.144516202998
478.372225692668
471.895936547835
466.097982837864
461.31426671444
457.94237254705
456.375938160681
457.041119295165
460.351012265771
466.59712150974
475.869180320391
487.904145470179
501.9500931424
516.71415115123
530.534427983196
541.563840009519
548.371208196249
550.266405673386
547.401827517556
540.690885137021
531.268054447011
520.256828217612
508.583321044215
496.862280561503
485.576628538218
475.092331661713
465.774995638052
458.114315114931
452.605381000556
449.815057202525
450.280665059095
454.396623010742
462.26015562894
473.496408239673
487.119542552184
501.438232618727
514.33360008729
523.75668297815
528.311203652917
527.715581920591
522.735390180652
514.650657331201
504.882982913242
494.562644524732
484.500398314211
475.209315112733
467.041475472831
460.3256403353
455.381156052382
452.621756066631
452.415468176377
455.125770878412
460.933972085463
469.770642761545
481.173260215765
494.238610051927
507.665222187568
519.882560345087
529.442986772878
535.379188617814
537.31585694036
535.601805998475
530.937113731313
524.255023292407
516.415173946703
508.108010149696
499.877770247777
492.183489585241
485.298350270824
479.540862296924
475.068763455429
472.047779406055
470.504097770082
470.414819453259
471.583487671121
473.78889455405
476.682902282621
479.953877333324
483.267263321166
486.4264846804
489.301873493018
491.858076090175
494.154584711867
496.268540186829
498.249973983378
500.176144290925
501.982621892923
503.574632702146
504.818214859189
505.533331379143
505.528843496227
504.673695904748
502.945536981073
500.33568770313
497.007973181593
493.12273122339
488.96077744648
484.790787173385
480.949775057789
477.792351100898
475.70844452702
475.083074684814
476.206353032036
479.358570051805
484.54995209569
491.592333702121
499.903793599102
508.554306572181
516.349399697317
522.069625530702
524.737016617899
523.946125282477
519.8319940901
513.035534250591
504.396011358227
494.805989542065
484.971710059042
475.465856132848
466.785613929441
459.328968591858
453.543959595619
449.895059350367
448.871868922036
450.920877961476
456.332591053493
465.129440510565
476.931655060907
490.789677963373
505.227655989328
518.404409004623
528.608504825445
534.596725729366
536.082173610422
533.515275014714
527.870176233785
520.268535387846
511.666299918993
502.810082932452
494.202251328159
486.247115071897
479.271435835887
473.636900053835
469.698239194468
467.85257283057
468.418677699204
471.572218967949
477.25256347546
485.085782600049
494.297995289867
503.766794134564
512.166603878652
518.27736677873
521.216539040853
520.707421477101
517.040679398315
510.920878095821
503.229347229372
494.786983889389
486.323625249567
478.416623161169
471.491301802448
465.957665993685
462.126187342408
460.238294552055
460.507439005882
462.932227944703
467.429109771472
473.61221818747
480.944504786876
488.652621425005
495.953283526739
502.097578524187
506.601097005425
509.236844289273
510.084759388946
509.419670968964
507.670836684628
505.282721790617
502.672179544222
500.21987594912
498.253513182787
497.007212365597
496.623113745
497.163588944037
498.561061949605
500.571260683582
502.865594078389
504.993132306917
506.500713626503
507.031780092376
506.3217646419
504.322543672667
501.137022756728
497.085133016336
492.495955115569
487.808758850672
483.437636639695
479.793560429247
477.214600572629
475.987709417056
476.31791290661
478.231717156404
481.595824157156
486.010818444387
490.925955267335
495.598110890473
499.317424695932
501.502564443194
501.846793216038
500.346280603726
497.303227390647
493.143284486978
488.418214192298
483.591417969324
479.169120227227
475.538478646203
473.102736315595
472.210555500445
473.112472596428
476.001318857621
480.851171017344
487.450811860282
495.284764008278
503.548961421322
511.332143160494
517.672144626968
521.794629081859
523.331887875151
522.267646798091
518.951177309965
513.938376156018
507.862013151574
501.28675165407
494.78165959374
488.779275516118
483.711149087593
479.917173856497
477.66261480633
477.149564881088
478.36083892722
481.122556753192
485.044431920568
489.501938486993
493.775596832408
497.171443428973
499.151061752123
499.459409859431
498.155271758017
495.537461211031
492.040583988413
488.198638821572
484.482882236608
481.31958601739
479.116869762924
478.18073868056
478.716675469783
480.838987474131
484.516902928652
489.500710552961
495.339246184968
501.390657544744
506.942251233347
511.254824237691
513.754447957956
514.180517729092
512.521059967902
509.046676206716
504.222383873869
498.534122485905
492.49401708471
486.589572057683
481.280003174996
477.016589077579
474.201795585125
473.19511533236
474.259611999862
477.544402741531
482.865681985337
489.823840108546
497.618458808535
505.202486511276
511.433503311285
515.335714477541
516.327473356403
514.329556456319
509.798252528681
503.364875218726
495.81763850407
487.820430055138
479.971225150771
472.718842342353
466.519349080367
461.769481241868
458.946141443366
458.482995213197
460.771339001157
466.08413116773
474.405438030031
485.372707022213
498.079864911312
511.145636564446
522.918146097372
531.742994009854
536.526722635383
536.948639375757
533.440036595814
526.909385164102
518.421312339388
508.954734897016
499.221439207604
489.759754357805
480.999547160535
473.343730969647
467.160388957566
462.897670518616
460.986098663825
461.761525935845
465.41850305657
471.81998027052
480.498297721598
490.508571802014
500.508011359543
509.072149277323
514.93369610896
517.346199943307
516.2640481938
512.204985970976
506.056349341361
498.745776197869
491.109232049015
483.790939499581
477.284701154145
471.966437089091
468.107811993951
465.939641320828
465.597291034528
467.08303379867
470.287789322806
474.955153981447
480.688266976567
486.977072359325
493.272231858421
499.078356959812
504.027643900898
507.945926940065
510.797838278543
512.680955737016
513.837642622012
514.446941453143
514.744821871898
514.866710493559
514.872108900258
514.734807495146
514.294596492747
513.386757880678
511.776846501334
509.255934836364
505.718234986926
501.137612219379
495.659973979226
489.507683656738
482.970213647172
476.469215495968
470.395701633976
465.204803921299
461.348840382419
459.30015628333
459.507573030795
462.30110930999
467.874317788764
476.02864638278
486.229912757195
497.383642732993
508.061246424024
516.625342923195
521.809736927168
522.961908472517
520.247079976592
514.400008794327
506.460967297788
497.420164155066
488.046624185657
478.882424968264
470.345213870927
462.804275933716
456.711035054985
452.5833711431
451.047583889667
452.770386881755
458.350363375251
468.157701340007
482.102646463705
499.383484668445
518.243871409114
536.182715912922
550.307763880511
558.329142664098
559.303004194009
553.849443893219
543.644722803155
530.574845229634
516.282638096554
501.840369219655
487.869016673853
474.746887261132
462.765101123962
452.284128412524
443.797648975356
437.940295976394
435.418047358139
436.906966705316
442.967123248381
453.73068163744
468.696824239725
486.515595163708
504.87900964754
520.974104267026
532.143927211825
536.992741903146
535.64027142611
529.427830956395
520.238972414732
509.679004011324
498.926497560091
488.705985067445
479.414855678576
471.290955193567
464.592343104922
459.63725271353
456.786077332272
456.445789119075
458.94305846024
464.483875641442
472.92913914328
483.819249951065
496.220836985523
508.773951093536
519.992337361288
528.47859887093
533.297277679767
534.219776181576
531.58722237463
526.188432332686
518.935035546283
510.697658627743
502.205044706708
493.986883189567
486.471392686003
479.952742992732
474.613079307437
470.591088120077
467.918628193223
466.579994235466
466.45464701082
467.391956813947
469.182319426882
471.638815125707
474.570372703761
477.878531893766
481.517187720654
485.479859175643
489.834198636188
494.580685374289
499.727015797335
505.134073276773
510.573689787154
515.708713137668
520.069193554025
523.136891180965
524.513464552625
523.894254444426
521.203729181554
516.608174776575
510.415575282982
503.068290814211
494.997760333159
486.655479952563
478.467123481027
470.894391833162
464.422414761203
459.587765055464
456.997241273155
457.236087998662
460.8198067865
468.015825626962
478.673779485799
492.032092881873
506.53278814056
519.997050504463
530.031670041479
534.819882867155
533.742524378696
527.495705022449
517.53179836625
505.522339059265
492.831767375918
480.359559639455
468.676217352798
458.125401465136
449.063253646832
441.941906918433
437.344665039047
435.986326963261
438.627868446078
445.90363184028
458.143514316718
475.084318241859
495.541359187606
517.273791479781
537.223096688091
552.287263143614
560.356135603462
561.093545709951
555.676364088588
546.041584424331
534.12151476633
521.356969882468
508.592089625003
496.317375439492
484.835212304212
474.388422289651
465.376070976959
458.271843433018
453.630603022512
452.029212056684
453.918167622971
459.504471267827
468.525290918454
480.178984961077
493.021813714272
505.101465196869
514.417970368442
519.528604523441
519.903209396701
516.029935024688
509.043560790922
500.301997301431
490.98114529533
481.955358127115
473.836907706993
467.05656651956
461.906793081378
458.673798177656
457.59819528015
458.827457265927
462.452861849345
468.346386540743
476.153117585191
485.303864788627
494.98416008457
504.307486257085
512.407628997238
518.626150388316
522.618487119448
524.339905056884
524.060763450431
522.21083425365
519.259127479887
515.693225327299
511.941185960945
508.358308407585
505.19471135229
502.603462545783
500.661314479484
499.250300867149
498.226167766611
497.303602967317
496.162656343257
494.561581082612
492.266350566824
489.262666851983
485.603142606197
481.543556887612
477.357588371376
473.465775606035
470.225360692147
468.059609028491
467.33785814362
468.368444767871
471.312625577411
476.211216551036
482.764542313061
490.440461158072
498.387064537952
505.582782360712
511.026338560627
514.001045347831
514.220649210095
511.846451174083
507.372627516907
501.483771688713
494.828441704896
487.977480484038
481.452339629843
475.679884354385
471.118917685761
468.254055822951
467.602555608467
469.575941313049
474.548637399019
482.534050715577
493.173814174639
505.547495313408
518.151115548831
529.149894009618
536.774672423068
539.816116090842
538.028431602972
531.999353663368
522.841489557346
511.778453423923
499.943580065908
488.118978961314
476.96475193318
466.964774862222
458.627521787954
452.43506951466
448.935764654791
448.569713181786
451.654415587421
458.228079160527
467.882838159242
479.649994050916
492.101385913814
503.516925343381
512.345111457285
517.611841335134
519.158494219295
517.470161899603
513.46453192055
508.099113593866
502.185913706935
496.365768080278
491.072721285607
486.727247401718
483.645670513868
482.133365379124
482.405198789749
484.606075680606
488.630369068381
494.172928682285
500.600432571944
507.096368124169
512.636859468254
516.354684993091
517.594032672315
516.161228675158
512.251032564368
506.366074529437
499.206912756329
491.478986213466
483.828391947242
476.844552431309
471.068204793294
466.909675966984
464.751459813872
464.83859361119
467.222002753959
471.740943240966
477.941074430914
485.085446316959
492.240641370232
498.405641904821
502.814881965547
505.007847109152
504.973162469378
503.004436706885
499.611748518123
495.365764423802
490.785901012007
486.352533268877
482.547793619732
479.739597263376
478.391280850013
478.847944767951
481.46655895551
486.400638925207
493.589651604023
502.58841390175
512.552684386791
522.268041457466
530.338220076094
535.462061235367
536.874815115587
534.426422082637
528.551089148987
520.121303638223
510.038640366418
499.211127100816
488.327841267408
477.947368795839
468.57213189707
460.688153502031
454.807920259004
451.446913033326
451.073115264287
454.005566550904
460.270622225546
469.453271826327
480.607387859167
492.249345717705
502.597565931852
510.037518604231
513.597859667929
513.187822333479
509.471569185608
503.527791706394
496.419356039793
489.084488438774
482.194438944063
476.234962609717
471.590926049029
468.628397999313
467.683988186343
469.044669433432
472.901433404252
479.253046326115
487.797382537252
497.868654061623
508.540021745575
518.568499486621
526.801155083288
532.287245658943
534.58119527091
533.722004085488
530.180677348867
524.619153940658
517.786868128826
510.350361397676
502.897492048921
495.964468262455
489.931194205026
485.10513366389
481.696429031744
479.756839172666
479.132268478992
479.522660798703
480.494222442201
481.48601711855
482.033929134143
481.769273680087
480.6082414108
478.64854546334
476.183426302483
473.6307684415
471.419359121974
470.010220140183
469.811732708459
471.160605290447
474.304234575954
479.333979211207
486.15968590345
494.39851803864
503.389271365719
512.174612785591
519.754950322454
525.1582787342
527.756547406444
527.362045536877
524.171481808943
518.713931987446
511.642826519893
503.607556867387
495.186165681344
486.875460861133
479.224310271296
472.730970500621
467.959719210138
465.52209781637
465.923737788438
469.595265379855
476.644806793807
486.705787703261
498.794305747116
511.279224666256
522.105454186323
529.262756392617
531.510831698334
528.665476298768
521.542865596024
511.538094322531
500.013362007996
488.098042615613
476.535968774224
465.803732568567
456.320336491165
448.455843757564
442.704679973748
439.658611272138
439.991538603477
444.301426580257
453.054069930213
466.255390668511
483.294873211569
502.605465657525
521.798661862828
537.998361241552
548.78290570676
552.891010562039
550.655602263576
543.483712828078
533.228114811579
521.428678196752
509.214231754251
497.256337323691
485.948895709106
475.599608051053
466.550040053982
459.227234094443
454.224054052067
452.104456399678
453.431757156271
458.490881300758
467.269381517755
479.112350176998
492.717321697193
506.13104833121
517.191960120508
524.069285594354
525.876451572599
522.864805057219
516.148684044946
507.128391839461
497.181162505349
487.311456420267
478.202861428403
470.39243357484
464.218150427546
459.997310745435
457.990238785257
458.39225395606
461.308043536669
466.626868536214
473.990497090063
482.834785114684
492.334752901351
501.562239271075
509.7017457164
516.098686754887
520.420429290425
522.692715980775
523.137955784765
522.185093227016
520.263686722648
517.808011255735
515.169312876772
512.611816992581
510.29622434834
508.219458673191
506.321149960232
504.392999144125
502.177894669779
499.440158424032
495.949347208625
491.654011166174
486.598339895814
480.984197967767
475.118101238915
469.421697836836
464.327954295954
460.310935364009
457.830947122812
457.332678729288
459.197927801572
463.65940737308
470.68814555102
479.919422016149
490.566422764823
501.443725774321
511.0967847077
518.216020523826
521.92342586759
521.987873698134
518.815113688076
513.209064210072
506.033787014718
498.083712795769
489.939575124467
482.08550372752
474.916753835791
468.869424144944
464.442564860347
462.253632963721
462.928326901058
467.042355750279
474.95948765808
486.606725401796
501.354184187095
517.662140439613
533.315064236352
545.701606253391
552.700801097373
553.290488820516
547.8625495539
537.794392101024
524.868492631904
510.627087121903
496.196247117866
482.251798264361
469.262451030128
457.596345355514
447.667717543819
440.020281124105
435.263139407672
434.098462585506
437.079101291195
444.59159432016
456.506569205098
472.006850455451
489.403441517545
506.247389908882
519.945695096879
528.50196746622
531.185226221344
528.663020661442
522.391847497845
513.965012725288
504.731864512774
495.553680930651
486.9890822512
479.389028579855
473.035645250696
468.256781244458
465.418625643829
464.974243956478
467.241289996304
472.455890315444
480.535020841121
491.002778833034
502.860002135624
514.733622849205
525.011978079956
532.21745789535
535.442724786576
534.486478945198
529.890157871074
522.520408918256
513.467810203254
503.66191653451
493.880201003415
484.775480435614
476.833753305405
470.442467259241
465.94466276899
463.589239587749
463.456962320748
465.471710603404
469.32363115253
474.471789310736
480.1832141529
485.706939529374
490.372080215239
493.711799833631
495.611569454315
496.164781115656
495.720004023576
494.702413950062
493.52391528333
492.611107220611
492.292850925615
492.873615762537
494.460342162106
497.092962103037
500.615924708662
504.65993801726
508.72601009214
512.178450605811
514.399972537136
514.957808193734
513.585445698807
510.355660332365
505.520068322372
499.562761796266
492.982865224993
486.295532144853
480.060643174525
474.764457313315
470.892008625418
468.889390789792
469.117600852511
471.769465840786
476.788651195211
483.783199362097
491.968530937595
500.203964762745
507.25095834013
511.949478035524
513.599516675788
512.155821227934
508.029988254937
501.989301537379
494.85033671501
487.340180262934
480.096086184099
473.626222736644
468.347753390863
464.739646395002
463.226411355918
464.212288442284
467.996176164647
474.662037230876
483.940000576761
495.136768351924
507.108546239243
518.354668974306
527.389511778366
533.035106756789
534.745554257967
532.724539366832
527.635511650666
520.402930369353
511.913064274439
502.915456213365
494.046147036044
485.771078142033
478.543705196342
472.798241937541
468.917099727867
467.265123574386
468.062162399987
471.302980439586
476.679426632628
483.545165293565
490.899134757371
497.55063213059
502.385044165798
504.650897850199
504.096538588308
501.011517741547
496.052116416947
490.010233917613
483.638735442087
477.578442002239
472.372649977503
468.479693802875
466.251667585662
466.029947951839
468.06860494884
472.490491782144
479.201247548255
487.832004913908
497.697135025018
507.777701943234
516.936832972929
524.110859140488
528.494322102421
529.777471946163
528.114166340875
523.955176600493
517.988105682774
510.884154451951
503.286721213463
495.739450566421
488.73619376771
482.769578539118
478.317021898741
475.789900024648
475.552457218999
477.75863019682
482.303903966745
488.741833709083
496.17390090081
503.384917392519
509.115766845043
512.245523439763
512.176931994331
508.989255107019
503.234543405949
495.781733287028
487.479657252376
479.108521655781
471.254018058434
464.423558076853
459.080598017501
455.669126610567
454.574293007257
456.192073718621
460.767853772582
468.250019164629
478.271523962639
490.011672297729
502.197605577979
513.334854417117
521.97679497505
527.184756203163
528.631850383287
526.684904664725
522.106653703857
515.80471953079
508.616304340771
501.228316919806
494.165674425527
487.869398926927
482.744484236969
479.108015407351
477.273858417407
477.446292050175
479.670256185757
483.779584226228
489.308314002123
495.596663982757
501.737500423288
506.842898646779
510.190121482769
511.344821524791
510.281106164912
507.324597915775
502.958661603215
497.821172544142
492.459781423539
487.409873165637
483.076172025527
479.781871997628
477.742381525338
477.002151560462
477.537198281797
479.11962915908
481.414555507893
483.994716657404
486.442552951235
488.381162134981
489.59214736892
489.994249495805
489.705441961176
488.937521553406
487.984480876911
487.209100477673
486.928012018147
487.477253856708
489.117302283851
491.986890562509
496.121501126056
501.340021503181
507.203168423186
513.071207237137
518.154927306388
521.65690342842
522.927536164962
521.655901732312
517.859598557911
511.914019861816
504.383823875615
495.866535579917
486.973027464854
478.269430437201
470.228318520508
463.393034715747
458.249154598225
455.329021284018
455.167678569297
458.149640065524
464.517818030567
474.090572413741
486.216381343926
499.619370079959
512.549442024108
523.046185569818
529.557387666423
531.350952690364
528.656836336022
522.420552938571
513.88726493024
504.15492541323
494.076304442205
484.242481414366
475.047372812886
466.82672528154
459.998056356429
455.049363644121
452.544764729921
453.127820031594
457.346455142193
465.535323544668
477.64564601927
492.945561542643
509.915368610096
526.308467246269
539.502980972834
547.367058303401
548.893625211752
544.463794880872
535.468460162068
523.63974306555
510.515509728571
497.179681674984
484.334893615522
472.388579548324
461.726243398025
452.676222391546
445.735729042508
441.425562469206
440.32805260537
442.90595542489
449.462184188457
459.849498623779
473.412320173116
488.752847302984
503.960908684039
516.905701529927
525.868339882715
530.020954355939
529.552699533504
525.428621745174
518.939115365004
511.223701118819
503.209752344561
495.506773761557
488.551432535726
482.635127037925
477.985869627575
474.824941430096
473.333337457141
473.60790804118
475.67575509606
479.378790404373
484.405422592656
490.301712712568
496.475772695981
502.365097654551
507.418171857649
511.248943479807
513.706425351228
514.756330677194
514.553047824493
513.333614043645
511.367828101372
508.84276483238
505.953818471781
502.789147817225
499.376629016915
495.711305142671
491.748492721295
487.501899016848
482.974341299188
478.24806638392
473.503517707484
468.895609640681
464.704002050489
461.234127086289
458.829169895632
457.837527216775
458.639122651357
461.603135835364
466.970627918938
474.808366795681
484.929732096768
496.711371328866
509.1144154514
520.759380015969
530.153212174807
536.063455246163
537.881190187493
535.670849518051
530.132214612537
522.183335486727
512.812284835692
502.787861571249
492.6464857233
482.837769296143
473.733732045325
465.783202751757
459.461989937072
455.411920656239
454.30268099647
456.756100424298
463.207328277111
473.790179252629
487.929879443277
504.307420668221
520.691978734724
534.371410148736
542.930478816225
544.999600054044
540.775929981998
531.626497524247
519.404383504869
505.817484145027
492.103211829389
478.991772130545
466.922283955517
456.204632856075
447.161041454745
440.239027778858
435.976360734382
434.965546289189
437.83234293973
444.964398927544
456.471473165998
471.857084350621
489.85880884298
508.486594424197
525.217357685071
537.712228249163
544.502979544629
545.405537864461
541.359778160654
533.85612742947
524.331582384187
513.995282438431
503.588370305454
493.63757236685
484.461183928029
476.362002277363
469.649798539746
464.700551930675
461.924777683185
461.633891684466
464.056351710409
469.1783805798
476.688070219484
485.894155312467
495.752601070241
505.023251398786
512.491422516865
517.24140362802
518.901524017901
517.622000158191
513.950688108468
508.65283409345
502.470308594206
496.069389986318
489.96266650679
484.541793049329
480.058791329621
476.71625714137
474.61089911036
473.74441221974
474.054156269065
475.396690513254
477.529445504084
480.220096918355
483.195396539156
486.232726514278
489.125227433687
491.829601221358
494.336638092896
496.713763779332
499.064382086592
501.481642477754
504.025484291104
506.689649831438
509.37117258597
511.861471946246
513.854037137445
515.001795979261
514.985764548456
513.558019179986
510.65065582925
506.314166078775
500.77378296642
494.362777880783
487.448498242191
480.467827226874
473.816969486069
467.938647596457
463.286579693418
460.296893517053
459.424674840644
461.047293876333
465.406285478788
472.462123436817
481.815970310261
492.614287938221
503.560142805577
513.129022951787
519.945496182324
523.103274791051
522.465162312076
518.548624546137
512.256927621993
504.57362447173
496.336179931679
488.167983011271
480.564903163545
473.918055147658
468.601065641344
465.047177303937
463.670541646546
464.921773093698
469.114574271363
476.334788991569
486.305803677026
498.293294354144
511.017109081462
522.869186519991
532.15008522159
537.571208365308
538.554512559471
535.320756209875
528.680230998349
519.691923187364
509.431910088685
498.750074256826
488.314844238415
478.640163996911
470.182913215261
463.307109688654
458.429804312035
455.866215110122
455.820939474841
458.379428860893
463.336438117137
470.203511707441
478.206822573751
486.35890256177
493.670982461899
499.287507837291
502.788922207409
504.087135081761
503.499376863825
501.534436375554
498.735683491616
495.66439944449
492.726533387227
490.318426948145
488.702394263806
488.098191575911
488.629372266427
490.349505701004
493.161067242392
496.874315490681
501.104657935908
505.423367901955
509.308094354135
512.271918592072
513.919969273167
514.074680446233
512.718068360013
510.035777134436
506.305426407524
501.931245035911
497.287672887064
492.811126593155
488.827661956429
485.712541133499
483.693450823155
482.95169956983
483.525709575227
485.292576728161
487.952665354764
491.023822120086
493.939439944041
496.103044141812
497.050907146096
496.497951638101
494.431828945753
491.077297324076
486.789421122064
482.015300332456
477.239086632797
472.86083853732
469.31812607989
466.963078479637
466.179941037266
467.228374759307
470.341802643626
475.576843131366
482.741991251629
491.446803433345
500.918094890916
510.235517214076
518.352943310015
524.326958315684
527.601032477183
528.015498628489
525.823845795079
521.504816310232
515.725831831654
509.069944389179
502.096474013539
495.267585462886
489.003680695667
483.682755511651
479.658199092799
477.224602023952
476.598571463164
477.826337284993
480.80036103045
485.129208751691
490.196448205551
495.225765333774
499.377199861637
502.018437271543
502.741437835443
501.544490215034
498.714486530195
494.749157662639
490.195178366905
485.644827896304
481.556465812695
478.312820190522
476.220468534945
475.460369474362
476.115767078482
478.128650226751
481.30731950389
485.331397726374
489.77526830782
494.129535479646
497.978998497365
500.936827607463
502.818454836191
503.602413545767
503.383352068648
502.42843244125
501.032398977676
499.542785498578
498.276801395644
497.538038796526
497.537444607207
498.403183234585
500.09980879377
502.427335823505
505.016809128303
507.359066148146
508.858612976524
508.999023659181
507.457051770207
504.14772016172
499.233471519289
493.110853064476
486.227805499596
479.135004044971
472.330024408522
466.275867679074
461.404015161916
458.180843083008
457.00358637483
458.26393510388
462.204810044685
468.913919006787
478.183968501851
489.38346756517
501.47251003101
513.065360097582
522.73564358139
529.251897909307
532.008890450444
531.002339577736
526.842039773289
520.363982184729
512.429175116594
503.821576574363
495.062334284379
486.630929591247
478.871868494805
472.207797870958
467.036528688259
463.87004950398
463.187762020716
465.390393242473
470.749036100929
479.193227085497
490.191961692743
502.728502510038
