467.166985442766
468.174917302564
470.619956648228
474.408506682932
479.305707270758
484.929191274694
490.773375060984
496.255086724065
500.80270737032
503.920749611476
505.291347195806
504.805470198348
502.571574012683
498.868425642149
494.081868659758
488.649931275913
483.007048299212
477.564746426755
472.678818751738
468.654364297336
465.736109439457
464.100222445573
463.849745498988
465.001720242225
467.461642153289
471.036212854496
475.412018392472
480.203673652381
484.961818857986
489.261219659312
492.749367500326
495.176962549557
496.441653340588
496.567365352781
495.684830808747
493.989283854583
491.701069264593
489.04512246342
486.216137425514
483.383477684926
480.682920168597
478.22996525007
476.106954887337
474.386795294399
473.129498535372
472.386051629329
472.203614861125
472.62226325447
473.670805548348
475.356385943633
477.661297135599
480.534937903439
483.868246567105
487.502561054935
491.219399353917
494.753558978115
497.795522529361
500.049980686907
501.247557670636
501.205654992205
499.836161629033
497.181104783263
493.39100677318
488.707417240345
483.444321187412
477.936972411016
472.536646669197
467.585176621633
463.396903587079
460.266427212507
458.452951880736
458.170291491344
459.578464361114
462.743004554766
467.619795855821
474.013902213756
481.552578915667
489.670209743841
497.66644756626
504.751404805315
510.187028865875
513.393317342932
514.078455277318
512.239972337463
508.145522115563
502.255734982216
495.119455858842
487.292283753009
479.299887185711
471.617791170837
464.658840755331
458.804771304006
454.401056355499
451.763570393621
451.200239281975
452.956270590283
457.205709971013
463.962207017548
473.020571726688
483.843533438564
495.5289619187
506.829290718083
516.332151980417
522.719431269207
525.130856610174
523.327325968111
517.722242449047
509.170546910845
498.728788027554
487.426531737812
476.154734687546
465.636516707852
456.458767714437
449.104678128836
443.998002109668
441.500812811152
441.925182500762
445.478011460043
452.194440891993
461.847735979962
473.845506503934
487.204335323531
500.55643566098
512.404164462448
521.359789474589
526.496389688813
527.527354141118
524.762143140569
518.934952481262
510.967757201336
501.778947910128
492.144364074717
482.703589796042
473.967063595231
466.302385349339
460.021476586509
455.373454043965
452.544738276687
451.684989486801
452.86265953284
456.059881776113
461.132233998821
467.775105826902
475.529413707967
483.780615026062
491.828196450792
498.959136712732
504.560849034607
508.217815605692
509.745056188515
509.190439940551
506.793123564549
502.90361668044
497.927915515169
492.252197545152
486.240410885952
480.216509185027
474.442797950957
469.160924998432
464.584047870833
460.90190670744
458.306834723188
456.968078296046
457.056345058979
458.706361672471
462.012432706145
466.99179379264
473.54392614918
481.409577615216
490.140185132291
499.09894488084
507.470802710844
514.400589090254
519.100228654621
521.012471648879
519.915896320203
515.954695588984
509.567992802853
501.363822576304
492.031861395501
482.243633196095
472.587905964837
463.600906272461
455.729698654473
449.406068615516
445.024533123042
442.963486070147
443.561315016439
447.088631084745
453.676556628921
463.202600822853
475.192852073506
488.710110039591
502.378355586968
514.547747872127
523.615185065561
528.447244616229
528.641457497683
524.551294534858
517.060025442374
507.273997887219
496.271744133441
484.954505363855
474.039690012805
464.074388312364
455.483567430942
448.637563388366
443.869724223289
441.497755782185
441.828350551915
445.110402808499
451.488290944274
460.914134612807
473.022834884564
487.033700667009
501.709779447104
515.424537196114
526.449179661547
533.332596783002
535.276501183302
532.317540749926
525.173521913637
514.979214408984
502.959101933326
490.22891546919
477.694117920529
466.068148914891
455.932777298028
447.74855593311
441.944177950311
438.905716331791
438.95578963381
442.326605136105
449.041481981511
458.839274537143
471.041682532264
484.538334873726
497.851582293192
509.379004548145
517.789071955901
522.295252803339
522.793829864638
519.777559078349
514.089320321391
506.661695881629
498.382770244193
489.956554795259
481.952089940054
474.779679659559
468.738919348844
464.052856136112
460.861638202223
459.247002669894
459.221970447416
460.731909043733
463.63251822796
467.698675201236
472.636452205686
478.075125639955
483.627095600568
488.912892455881
493.587568287179
497.391329037056
500.149554096281
501.772667454242
502.259043957887
501.656426484382
500.054468823822
497.570490086898
494.334846087004
490.484965706658
486.180822545727
481.589479339833
476.906560070157
472.341060606906
468.108514944091
464.447415705111
461.602115128367
459.813344161378
459.306496018798
460.280328916193
462.879889276003
467.160270722163
473.031843212977
480.251791883582
488.359722143943
496.696551501193
504.447603890681
510.773017375064
514.939274700602
516.458359729515
515.199257558866
511.357926273445
505.392200607284
497.913208536601
489.563284802425
480.959658954622
472.66163435018
465.139645249189
458.826040113494
454.093856343593
451.291051228467
450.709721081953
452.582098759509
457.012229750904
463.924682610737
472.962560454726
483.427168588282
494.303220582163
504.313539847966
512.169135769214
516.859701659482
517.889502886582
515.345024240799
509.809077664029
502.132858227541
493.249608074205
483.997769123145
475.086891912314
467.083060132954
460.441255259629
455.515427127002
452.597869197816
451.907052481883
453.571700306307
457.609159466864
463.864535935059
471.975458826596
481.330337497643
491.105500596644
500.317714222572
507.987012850425
513.296725589735
515.766983889613
515.301071402217
512.173947025063
506.917002336779
500.178229940721
492.643108515199
484.931160941608
477.594482830282
471.082727901278
465.79323343264
462.024644820004
460.021383149871
459.917347660827
461.731301221818
465.326769109802
470.381936426515
476.373768434184
482.640113281906
488.423580394938
493.05606911567
496.041564385771
497.162794673836
496.499062291791
494.354469818681
491.186034449806
487.494366539391
483.765615108038
480.411357649531
477.766374227892
476.053022550985
475.396439704778
475.812501762413
477.198901788449
479.352502307807
481.966873405758
484.685360602764
487.131246264219
488.969885863984
489.959363157712
489.989096057593
489.088473885763
487.413391873284
485.215697422931
482.802971609739
480.506479853366
478.633392909413
477.449937754416
477.149988327865
477.837360258806
479.497630662079
481.980429573821
485.00295550894
488.168277255082
491.007512200161
493.05445978966
493.936307759134
493.437791474098
491.550188158264
488.4511419608
484.479007132989
480.049543713668
475.621396248255
471.632935461292
468.485575631801
466.506674390979
465.937722437245
466.911603395367
469.425691382385
473.328524896069
478.28981522409
483.825528959482
489.337408144772
494.202516502403
497.863657383478
499.936614666837
500.273861577827
498.95505328203
496.248794445152
492.550524889322
488.309380876432
483.964823680899
479.918465733427
476.512253841502
474.014483628675
472.616498766071
472.417757736164
473.415682994798
475.49697131472
478.432814706059
481.877306390686
485.415820929167
488.588432031459
490.987580204382
492.300719369135
492.378603777992
491.244381502424
489.082518200568
486.192670795644
482.949845430872
479.747433312971
476.946950782526
474.862925392912
473.734828585821
473.694269161694
474.768994229199
476.85143768602
479.706747305771
482.989584751599
486.275664377493
489.124399625811
491.147212003888
492.070641861083
491.773749424159
490.306575495405
487.854544818539
484.707838205399
481.21353177351
477.734253925308
474.629336351573
472.218011095372
470.786281226332
470.550999409366
471.661075750059
474.159052929892
477.962199578336
482.837725673888
488.376837794226
494.02102593315
499.100665218634
502.953281584071
505.016866874829
504.952253892075
502.701911656707
498.47341224254
492.69970331999
485.924986167033
478.741859448664
471.72711816002
465.411892300512
460.276283169445
456.74634311645
455.179581207959
455.864132137843
458.965606625991
464.484397560895
472.16924156722
481.472129603894
491.514683862041
501.167391301344
509.217778483404
514.625386119331
516.741177086232
515.444978454121
511.098226710239
504.404840569379
496.183417618346
487.266912424197
478.368078696894
470.099574840362
462.973162288365
457.412598928825
453.778144855483
452.367581342374
453.403142820437
456.985297594293
463.035112252509
471.215897116055
480.898850024603
491.131560954258
500.76939362915
508.622276093722
513.730235412675
515.569878300716
514.130541621429
509.855230518499
503.473340591047
495.809597805046
487.65210462132
479.696731251962
472.491802175919
466.474918844731
461.978121253256
459.221638449467
458.32858525866
459.302903562451
462.008766342002
466.174781350003
471.387208323295
477.128888558797
482.840532431691
488.004372545365
492.2300822242
495.276542313343
497.100935227624
497.807019312061
497.597194198785
496.72369593271
495.432635093403
493.928572631243
492.352151646731
490.777083900246
489.213158672867
487.621474762106
485.934776739106
484.080652096369
482.01123608
479.713718270843
477.235582837973
474.683314756165
472.219805107582
470.056886186513
468.44073915476
467.624154764664
467.858434220509
469.345296614919
472.210390634222
476.459780927962
481.925652211406
488.233022054028
494.796937794111
500.855798646043
505.603297040597
508.322280595633
508.561257261725
506.205986178846
501.509066553134
494.967429803352
487.223813457034
478.947860423396
470.77687778324
463.26866729968
456.90256708125
452.124180508884
449.313201963761
448.816154532408
450.911707219568
455.764992892817
463.3637462245
473.428566417645
485.319140799987
497.997774800896
510.111561467369
520.170134655365
526.875223046576
529.430252560831
527.700368922014
522.167947084829
513.700512907033
503.327135971023
492.019318725921
480.615299271131
469.790925126531
460.089789369415
451.976968988543
445.880164927752
442.194641038237
441.299406426085
443.523854541374
449.077723994911
457.941830774782
469.745393416571
483.61683793106
498.145885356843
511.512778203244
521.858931479307
527.757273608684
528.61277686164
524.737542405305
517.098648704043
506.972647376862
495.59830685754
484.025201450716
473.05929041607
463.313400068077
455.264150711889
449.289065165534
445.715349404812
444.801751896217
446.729144825087
451.534760575148
459.050339396391
468.81425888364
480.046709687522
491.667985230628
502.399755770575
511.041186998491
516.687372931595
518.918443527788
517.845246760779
513.98004342035
508.076919424383
500.937891514318
493.299449778275
485.782371995987
478.882475614504
472.955689352572
468.279012198546
465.003751399773
463.209813987147
462.871217687603
463.877335102267
466.013066149175
469.001018651718
472.505342983808
476.192914079298
479.762068454951
483.00149245211
485.786289562315
488.093051759828
489.97558916642
491.519031222283
492.811839222794
493.914877973802
494.821412310164
495.466972742654
495.732338166472
495.463711419299
494.506366596375
492.74653661003
490.148809099866
486.755109789968
482.717295423891
478.255700659063
473.664006505428
469.2693678757
465.428682981041
462.495530392048
460.817442953762
460.711248072426
462.425545458182
466.119343488057
471.793180610524
479.21843667277
487.895793747757
497.02633149364
505.555815987535
512.372518499963
516.489653060095
517.320906062759
514.769567816232
509.219729576184
501.379341094468
492.104948018632
482.244015531952
472.542171381087
463.653056336526
456.114337949691
450.401440049239
446.931229284908
446.073275175508
448.114293390539
453.195908074147
461.236456613102
471.826191982592
484.120303755087
496.866982048431
508.538637095685
517.622009911793
522.971547697571
524.11551058816
521.257432751746
515.131528777572
506.735640824061
497.077177911606
487.05945533294
477.403435723962
468.681676345604
461.349617451799
455.780013548775
452.283788818359
451.114825360144
452.443728340587
456.317402661684
462.605209587505
470.921305329897
480.588805579142
490.656664083372
499.975502373804
507.421781058577
512.108935553109
513.585738090183
511.903681537537
507.527051927481
501.185073676576
493.687048473393
485.808895802681
478.228265797757
471.488830966007
466.037640451463
462.208743980552
460.229691095466
460.226051332248
462.175765144761
465.90629530247
471.052762789409
477.085455261309
483.328939237055
489.074155681771
493.67995292691
496.696178010075
497.922776501762
497.42929855446
495.494569255179
492.539666388703
489.039047198165
485.455854990856
482.205260398869
479.626024928233
477.963712760926
477.359582726794
477.842128378552
479.316915972822
481.557922363921
484.228226505697
486.908992348854
489.162174425683
490.600569454803
490.950687165603
490.106805142935
488.138172908701
485.282023064064
481.876630315554
478.33005816175
475.062798840603
472.474529883255
470.907283831635
470.623101042475
471.779083417678
474.383053374887
478.269742983078
483.071792908508
488.25021263801
493.123138619221
496.997952179253
499.287485206749
499.636821955903
497.984632403352
494.55524996224
489.777513772344
484.212237887716
478.42491122818
472.979043584181
468.357553173684
464.980823608693
463.184910452471
463.199123475476
465.137332384866
468.945832406802
474.380863301382
480.97723304268
488.053972846701
494.79954830314
500.386355642261
504.121234743432
505.593922277841
504.728982713183
501.768040429408
497.188120240812
491.583727552083
485.562179740402
479.703419120358
474.507749423562
470.392325618888
467.679135443882
466.588080511955
467.222386851842
469.52915861618
473.281295147403
478.067538612296
483.29769847825
488.281814206264
492.338253114475
494.917422362459
495.71252041834
494.708716236482
492.153150472749
488.473533581585
484.204983945091
479.886802354529
476.016330766967
473.028681447588
471.257417303054
470.922797636216
472.124761240938
474.806815414388
478.742287053333
483.522970305875
488.583420774957
493.275111800684
496.941934547945
499.056656748591
499.313908414895
497.66891990925
494.327096680074
489.685499439515
484.248093298853
478.54969120808
473.114662630082
468.428675530813
464.926655756668
462.973821901294
462.863166048237
464.779330091729
468.763229872406
474.641271453372
481.994857042342
490.116205409814
498.069982034862
504.809477571366
509.380492953835
511.131707243006
509.843941236373
505.755801035921
499.427273511108
491.603106990762
483.058422780143
474.517049139535
466.599689461805
459.85145115058
454.742308433906
451.678621173582
451.012708497365
453.004732321726
457.784511554149
465.263412672058
475.051862656259
486.373293137693
498.073665201011
508.747813408957
516.985697547083
521.722122269861
522.46419074567
519.368311665713
513.104228501806
504.59759329673
494.84887093584
484.727786256124
474.978233422183
466.198295065282
458.873019916893
453.403907534431
450.147162206747
449.387656960739
451.314116856276
455.973717303325
463.187223162697
472.469065443907
482.992350508122
493.613238050689
503.044041219773
510.088391208083
513.936374697411
514.318866701509
511.518885326171
506.215397378552
499.269649235656
491.545764014708
483.808669077164
476.668724641384
470.601713663389
465.939621327099
462.906293229799
461.602506978487
462.002467996458
463.957540144871
467.19197113254
471.319859366071
475.88649525797
480.419845266463
484.508950525661
487.863356646319
490.341597102311
491.954802478371
492.83766220623
493.205933222098
493.289626736021
493.30360880234
493.397184701098
493.63272408227
493.975425570182
494.288505749277
494.367550509341
493.961553993762
492.833380819472
490.807927152425
487.815127686186
483.920026379856
479.312097507456
474.284889357611
469.226671594561
464.557454138988
460.722830875537
458.167630008394
457.311336531288
458.522182496327
462.062346211002
468.027805383453
476.241742561685
486.178568602888
496.909806989589
507.151639420241
515.469114726281
520.604476453065
521.786325106672
518.922893643003
512.523895704105
503.49580503067
492.870969560112
481.624262398767
470.576118344873
460.397528566082
451.645451831854
444.813867965413
440.364477885575
438.748335899266
440.390462954984
445.636655071824
454.643164166942
467.243449404543
482.744927773304
499.778623402613
516.370606458239
530.213602698027
539.248179350441
542.2957122168
539.321497585709
531.296817041609
519.696410749582
506.0748821637
491.732534878583
477.681468911956
464.659482243547
453.21038356771
443.806385371795
436.880330773807
432.880256529173
432.250946460725
435.400740954992
442.620439889332
453.898598675182
468.737832604954
485.969059997386
503.663236539233
519.428881726717
530.912249772316
536.579889776645
536.10150949539
530.286044986887
520.617430709973
508.686192034579
495.88717681162
483.281865214462
471.640523413416
461.486682522425
453.236425414993
447.215863971047
443.695787642521
442.908980969208
445.000333537131
449.986349819003
457.669768207362
467.58098016138
478.933083273443
490.624212731389
501.432292818973
510.159891996618
515.930413783872
518.354935003878
517.537066592413
513.993406390735
508.455965273489
501.707274011485
494.4751931366
487.350106222084
480.79834902419
475.146393479245
470.604129374
467.279341242495
465.17838554515
464.235518828691
464.30576868067
465.205236014008
466.725215778917
468.672731925074
470.895392487779
473.307871917706
475.89003317353
478.673906069761
481.736692085513
485.132638751214
488.88629062043
492.929173682615
497.088917940299
501.081202464438
504.506871578821
506.921299041409
507.907676554496
507.147987180517
504.504676346021
500.043363895441
494.027161520856
486.859908380077
479.037169651951
471.071476682295
463.489592580068
456.800174437724
451.49661032957
448.058330934088
446.960778588373
448.633873597998
453.420795250488
461.47115017385
472.608549852119
486.169452971983
500.861526494532
514.847296845925
526.031987578594
532.609459830138
533.615758034981
529.174273469825
520.270864148102
508.349449592268
494.864102341746
481.037935005562
467.829499203351
455.943036091569
445.94680536652
438.336633557004
433.593145959537
432.20404335428
434.622082942024
441.19102651203
452.014786139892
466.738699830489
484.336147595786
503.022978643595
520.374415895225
533.868605763146
541.608612323797
542.879290945048
538.224268695122
529.018195715955
516.919128474391
503.430479759209
489.75466193086
476.738875182348
465.00678662294
455.017979562531
447.171334347886
441.815425899124
439.299814405319
439.926699919922
443.912447599933
451.283063072203
461.753068624086
474.587855646177
488.553263907093
501.980144279325
513.061875360158
520.31903971586
522.960343670571
521.067565640144
515.41983050466
507.176469582854
497.542425930109
487.57119683708
478.099726451556
469.76598435629
463.016988714311
458.18978338852
455.508066500912
455.07485281162
456.877533431928
460.739341537875
466.302686656808
473.033574034946
480.245937743571
487.185076451245
493.152632883148
497.599048098129
500.234189073576
501.033676113588
500.214680820629
498.154269911681
495.302877382958
492.120192374625
489.020396143401
486.334215589944
484.299504085003
483.038012548714
482.564841403671
482.763712842576
483.42411477855
484.242952666536
484.88050925689
485.024178933431
484.430998123473
482.999633089969
480.769533617149
477.938279967814
474.806264075647
471.762288809157
469.214545062199
467.571153182709
467.1944542817
468.36664792365
471.239591840926
475.797117780045
481.78860874319
488.701794900198
495.781829561172
502.102122800243
506.739424925596
508.970795201945
508.427763458472
505.166533865484
499.60237898106
492.387812588809
484.257567381768
475.93203209405
468.068917088327
461.239851653113
455.950155155414
452.648114513349
451.727978629035
453.490389440929
458.119578562356
465.562197675629
475.45914077575
487.031080546486
499.063617875436
510.048995510448
518.438627299785
523.047026837787
523.33756635554
519.506525134124
512.323783135112
502.848168973859
492.190805335111
481.323175571259
471.066106826812
462.080569666934
454.907349802369
450.013925727794
447.796562360075
448.546389914102
452.411440057588
459.283617332199
468.708917532835
479.796789629831
491.259431570775
501.575332366766
509.343380192119
513.602255625187
514.070501311169
511.104178530615
505.50071355337
498.239285214094
490.260648756756
482.375958844561
475.230709916951
469.33692728507
465.077115994082
462.728996555411
462.452898785913
464.289027237426
468.101109583467
473.556324682336
480.095646478925
486.976300242983
493.325513324108
498.313254912331
501.283574152209
501.908666922113
500.213772998473
496.539767331972
491.449896104943
485.596185026335
479.637415499423
474.180745742584
469.75988114147
466.80119343732
465.62668764463
466.421273740263
469.193356592929
473.738241450678
479.599676466123
486.08617719634
492.331307188134
497.436245965179
500.65703346393
501.545526098964
500.039441843544
496.416157519325
491.197949550814
485.025068807652
478.545689769979
472.36749152586
467.035842716434
463.005711519635
460.684620974715
460.38366935034
462.329236144191
466.59695321507
473.056353820151
481.306461062526
490.634608404587
500.02388659377
508.285265034528
514.267646821328
517.128027355216
516.507155939904
512.570992466658
505.922364135819
497.383364355875
487.849985606401
478.142829281379
468.979747478003
460.973813747881
454.648712092229
450.472234002172
448.847528766964
450.093675496546
454.383318171627
461.639769717794
471.436672803357
482.888041119633
494.676905889471
505.201075989224
512.93204200296
516.812522655874
516.530168914355
512.487437429454
505.594494983161
496.943657033259
487.596804862583
478.444233843264
470.194479855416
463.387721299285
458.452759086623
455.698539976676
455.333347221773
457.43121055725
461.895073279298
468.405868102289
476.378472583327
485.007715728027
493.314626445932
500.335037240773
505.278908066906
507.697029370669
507.539411510712
505.116427288286
500.969979037348
495.758345854712
490.131692768313
484.680288288646
479.904362359099
476.179509673406
473.760406723782
472.778063227245
473.20502520157
474.845713406491
477.344889326234
480.209487855591
482.871700403528
484.803882601485
485.608358037362
485.118012040992
483.406089831134
480.760824953082
477.619796054115
474.487846565653
471.872578287518
470.235841311685
469.950840439472
471.273662472415
474.305185009981
478.948839844316
484.879801781813
491.521080961499
498.092841996339
503.717806265106
507.557127403127
509.009107878196
507.815098092262
504.089190477399
498.25248415678
490.920283714548
482.771190059956
474.484610573667
466.668519652726
459.889922493532
454.657433458133
451.443141866889
450.681924580156
452.731506475122
457.836413226352
465.99525040238
476.865447222326
489.596057173205
502.820328706976
514.759037078847
523.587705474644
527.934391593717
527.241070795146
521.864199435541
512.827941654665
501.41932862351
488.908384786436
476.341751398551
464.553552242653
454.193500344337
445.787742838745
439.828864037026
436.778389245954
437.078696992919
441.096006308769
449.049142980917
460.81204986626
475.780641004288
492.673438241061
509.535954034769
524.063214689003
534.128761638787
538.4286157416
536.806996592041
530.124667400759
519.810714286148
507.37469543611
494.12922489524
481.090843422426
469.007650669557
458.433873743436
449.813318534395
443.551967600342
440.03345575188
439.602163157029
442.546046729859
448.981292074262
458.757112450584
471.294026997628
485.471771164462
499.658389737403
511.966096499886
520.662580119897
524.669987324709
523.829227703256
518.799963910188
510.731117410072
500.925940517871
490.535334041507
480.493684464041
471.518296429791
464.119584006796
458.675173807906
455.4282193358
454.507478805555
455.910843891567
459.459326295299
464.783682151961
471.332428284091
478.399242061456
485.221309805122
491.113951280955
495.555865307015
498.300597304356
499.370962301033
499.010175434881
497.605876385068
495.590995574805
493.386621565365
491.340423345913
489.700835955577
488.598323688279
488.031347228989
487.883294731916
487.9225636356
487.851959675991
487.359485560856
486.171915008047
484.129613452457
481.214241029095
477.564671852909
473.459892756668
469.286773411871
465.493371296699
462.547431517551
460.90684415886
460.983346362708
463.098975547547
467.427299280305
473.918537202066
482.214639997416
491.610051588504
501.059008627576
509.292622411008
515.102891478359
517.608618482564
516.471117520828
511.924321124075
504.640386033973
495.507287933687
485.433283731552
475.229752929062
465.60109331347
457.126659428826
450.31587742706
445.639223886203
443.540509259305
444.43067496673
448.641468678437
456.340614252072
467.389991970797
481.218410156533
496.623798304526
511.869401126248
524.840462891965
533.598791790536
536.919668877587
534.60508647497
527.40892543379
516.659512026902
503.812761135187
490.161965013462
476.7381155981
464.309992331603
453.492685589688
444.787387001663
438.667934199053
435.586373026558
435.983702579995
440.201660828834
448.39255690784
460.336058093827
475.256536052868
491.678814224751
507.522798547895
520.509314072457
528.752427868792
531.335170226282
528.481611285601
521.284028618636
511.190003409681
499.641133239105
487.793843313303
476.54410995261
466.519711104921
458.217314083945
452.006527093922
448.205932006646
447.082571262606
448.804965217778
453.414959307629
460.741396710401
470.314894874713
481.314445056567
492.617567302396
502.883839171042
510.862468771122
515.626862932358
516.792935093367
514.553857905881
509.53152607928
502.593938713883
494.642554972774
486.505429702104
478.878768321896
472.319284861615
467.251908828897
463.976922072711
462.673273181367
463.358069077489
465.880347380542
469.889278396527
474.844949053577
480.067365410247
484.840250769698
488.543243068195
490.764473085912
491.380676850649
490.526979114615
488.561801320592
485.953112632828
483.198487722512
480.769097212773
479.056791271719
478.355994275791
478.823908285198
480.478911453484
483.172804512202
486.583691466491
490.240696421697
493.576276672194
496.013234671525
497.077937080534
496.481976754643
494.190526815937
490.396548425459
485.496875430713
479.989253051596
474.417106276792
469.333439749792
465.243369706486
462.603618786766
461.796874861845
463.097963870022
466.626353987007
472.278870016433
479.667851696249
488.07385102169
496.49287222896
503.760619473869
508.79170764646
510.834839900677
509.655988260505
505.518251734692
499.075801520617
491.157600971322
482.617684159224
474.22928017569
466.657640514773
460.44841309217
456.074668308077
453.916579134548
454.263335299498
457.277560102132
462.930883463886
470.923581880987
480.622755437659
491.054985292238
500.97632419892
509.109355611656
514.396596238939
516.245443475897
514.638862471612
510.044712106649
503.239806490372
495.100395069812
486.469802600283
478.082664927354
470.53865511287
464.34460789815
459.907094800433
457.55013863748
457.505600210632
459.874776818727
464.566818505245
471.247101962049
479.282889973968
487.751637166438
495.561806592028
501.630861926037
505.125758132596
505.66253644915
503.345921680838
498.685776686705
492.428580116823
485.385174618519
478.322326581952
471.900420278993
466.672326977943
463.064579386356
461.403746055205
461.895623023162
464.596777470224
469.37652214077
475.867128911774
483.456701195468
491.302144481017
498.45369475051
503.986075396442
507.201670485786
507.755988078608
505.700331362737
501.409070795684
495.479840906235
488.597372646064
481.43051880895
474.600374766358
468.64539560329
464.044104931474
461.195709836949
460.423468734197
461.948881123241
465.830699501794
471.905050522863
479.722018485589
488.47752876105
497.086747038558
504.34733173564
509.151658074086
510.782344906635
509.075747130094
504.385878441089
497.445325942419
489.136834274174
480.350908625762
471.86945027508
464.364362417044
458.385865959009
454.395514193034
452.757054552091
453.73975506083
457.4596236637
463.803679148907
472.374656962824
482.420252902546
492.84665694268
502.371820152636
509.751671559595
514.066936950295
514.926374545635
512.502791019191
507.396178214202
500.443072891123
492.504303884379
484.38280700234
476.741757172631
470.118024770321
464.940456611079
461.528722547316
460.107241705124
460.78421479033
463.521139940992
468.095913549664
474.074502045621
480.830010706157
487.579801240967
493.510572851998
497.924265049514
500.370388490077
500.719561056043
499.159331306092
496.101043665439
492.096121967176
487.706886554399
483.465383116109
479.804763437148
477.0497527106
475.398789543675
474.904795531767
475.49000722493
476.929125698649
478.883172999379
480.941597192996
482.691990291161
483.787109394134
484.018527789557
483.340138353398
481.879664368448
479.893989714863
477.728432244797
475.768615882207
474.387983060611
473.922393580121
474.632322117041
476.665729270954
480.034203650574
484.573435283775
489.91438455116
495.494534616478
500.615552519949
504.531837040887
506.599385126189
506.406909199005
503.849563385315
499.133561583289
492.720219448056
485.196432273064
477.203599977455
469.377031788836
462.294903363411
456.495890664154
452.468373181227
450.657894496376
451.453745506919
455.128988978926
461.782235257554
471.20110335443
482.789213276818
495.44259351969
507.662084302774
517.746321341176
524.23209242803
526.243717904462
523.71145844915
517.266419175114
507.966908287877
496.960198471877
485.290719866447
473.829080566007
463.254404520611
454.106399729404
446.859073945085
441.944594515041
439.779493667505
440.756871336826
445.191350160613
453.233642918417
464.724173579848
479.034777975817
494.945853021071
510.649727870573
524.009635969865
533.085198090077
536.681877324224
534.642605602193
527.757058204989
517.361633184136
504.898720740749
491.652209201425
478.631050355544
466.579128046635
456.088632719076
447.611606813087
441.57911865564
438.375967984617
438.357508096054
441.784706876497
448.743117393672
459.004740045294
471.92029368678
486.284276294474
500.476441405484
512.645659996933
521.231615019146
525.311815119354
524.818318882545
520.406315808316
513.152554818838
504.20223899281
494.603384500021
485.173206237622
476.539766594552
469.14665406599
463.312531244211
459.247554129753
457.082143672342
456.838394127106
458.445813840681
461.707148975924
466.303739899403
471.808820768873
477.724390745693
483.540819967307
488.795426560376
493.148852786024
496.416829208368
498.562436083823
499.675976835903
499.927987104478
499.514075724417
498.602350456058
497.318708022945
495.717327504698
493.793688635625
491.495158269081
488.756793917112
485.530553303768
481.81960181045
477.687860290795
473.297752610012
468.865509967523
464.682536152184
461.087210213303
458.437093441902
457.093149976427
457.402635076278
459.662543285171
464.069574461304
470.646958643862
479.195789794052
489.183251702555
499.734916880754
509.696076946747
517.785418063557
522.870087535639
524.253043075547
521.798663869569
515.92505736266
507.404584875541
497.176165972598
486.144612899702
475.090024902592
464.676369621582
455.461944470647
447.934487827474
442.545890782728
439.753923854785
439.99313279818
443.6491366312
450.961763287693
461.919411385995
476.032508524389
492.21724638266
508.702954103076
523.243788998575
533.649833170309
538.395472563474
537.087611689894
530.425709943067
519.799567140085
506.790616673907
492.819863895944
478.996380082669
466.124818871696
454.818347176545
445.553515320632
438.763807914066
434.854919216639
434.221629923083
437.205298699755
443.999067995112
454.528319701823
468.283267362325
484.186487210517
500.581657925951
515.418443535784
526.703042268709
533.049031424372
534.010067565285
530.080856444286
522.374300501537
512.213633565636
500.833009189367
489.242982321519
478.214457629974
468.301250766342
459.937111838871
453.46757122004
449.179038839289
447.313766288834
448.031659515229
451.388550367243
457.265577852447
465.314717642544
474.90060310943
485.125644627304
494.899394353556
503.145313608823
508.969920133465
511.900081624124
511.90010129956
509.336122907953
504.829888248176
499.091089946668
492.80965313386
486.575133014611
480.846249701397
475.964305926363
472.148006059755
469.508248300296
468.053369527421
467.70435586233
468.30310767716
469.628784705327
471.441031597383
473.496071666697
475.592632067135
477.589062577846
479.434649028407
481.151603724705
482.821505973666
484.56006381296
486.473438596914
488.63755930936
491.053665506732
493.633679258663
496.190459504316
498.440139742444
500.050308662788
500.682839045917
500.06176788756
498.040632866909
494.616625292392
489.961004203235
484.370605813546
478.242061041784
472.026065003554
466.183230510508
461.177521969539
457.451356059984
455.415213974776
455.434214376564
457.788361580103
462.611953417106
469.81899020613
479.014448255666
489.428692573961
499.929095563137
509.164354928112
515.836734792328
519.01196066299
518.352799098985
514.138748639412
507.101982501434
498.193586164529
488.374899511105
478.495385080283
469.24787872897
461.215060267491
454.857688199221
450.582745816059
448.732382569615
449.578719220553
453.277549839129
459.801814858727
468.843521237756
479.766115413654
491.524426122084
502.810374330334
512.196901080522
518.508387558717
521.045126048351
519.73871822345
515.076888200436
507.893720301371
499.149356654094
489.759657395951
480.503386815217
472.02554631518
464.842070974746
459.350848910604
455.884436250074
454.667927736071
455.808866965257
459.264914109021
464.774262641707
471.838390102113
479.720285198224
487.511252953572
494.281371820298
499.24825060986
501.950856818295
502.286476908775
500.506813718406
497.097461395587
492.652450852703
487.779755604646
483.00734548002
478.791099332768
475.473659275402
473.298497881993
472.4037426103
472.818007169567
474.452330846682
477.101170156331
480.43510208044
484.046531496573
487.477001150794
490.284120960955
492.111649747357
492.746686920973
492.143189879286
490.419536570468
487.822798933041
484.696907204386
481.416296571224
478.367151248449
475.897769299656
474.312458468799
473.831778506857
474.583651101411
476.571569196981
479.649965077823
483.512920450766
487.699114785867
491.649739746887
494.773887245953
496.568313872124
496.704123220708
495.093830827629
491.895677101549
487.458794900004
482.251789087329
476.80029076032
471.612990957157
467.168705919932
463.883342142236
462.110145951285
462.107785553116
464.032663450723
467.891770142169
473.499284026951
480.452189592488
488.10980508253
495.66254003023
502.214853194647
506.964518917564
509.356242187823
509.181449435864
506.587201812879
501.992072300969
495.996567264474
489.229743274522
482.313215877541
475.784626486183
470.120593888535
465.701039848704
462.83830643858
461.754367390352
462.569241152584
465.261213074582
469.648176699692
475.338506050363
481.743584848531
488.134425601982
493.718951139198
497.82128206494
499.986235284971
500.076352077206
498.263507804497
494.959223807004
490.700112565774
486.068673396332
481.591335848323
477.716077080146
474.780489760031
472.997069836486
472.457611365033
473.114458505562
474.788262103863
477.183885740844
479.918438601739
482.56850646886
484.753676686512
486.175776336334
486.686398286034
486.291555201619
485.139500883563
483.492926907158
481.674093181595
480.027989206152
478.879528282697
478.504106085658
479.095502631404
480.739235253949
483.385181197334
486.824767113553
490.68622858484
494.466535667019
497.579733627601
499.470089528215
499.715415716775
498.111336269621
494.710050940823
489.798324890475
483.823872702211
477.333499147604
470.896520578988
465.049041168181
460.295243995699
457.087299505436
455.809893151393
456.773557877122
460.158698382536
465.974740598834
473.980588745438
483.612984533343
493.988179494471
503.927297179386
512.189398935786
517.681910826673
519.7309798718
518.199731055146
513.468785060048
506.242348600727
497.372888007216
487.714186330554
477.991517246084
468.82872272579
460.744728345905
454.185531113401
449.539516147087
447.175170110989
447.408735765372
450.482175592243
456.503498537783
465.345837891544
476.540742123295
489.224299109235
