3.23
3.23
3.18
3.29
3.3
3.26
3.33
3.37
3.42
3.38
3.52
3.6
3.92
4.06
4.28
4.49
4.75
4.88
5.02
4.96
4.99
4.91
4.88
4.86
4.81
4.82
4.67
4.75
4.75
4.73
4.62
4.62
4.6
4.58
4.59
4.54
4.45
4.46
4.41
4.55
4.55
4.51
4.5
4.46
4.48
4.33
4.36
4.38
4.45
4.46
4.34
4.33
4.31
4.44
4.38
4.31
4.35
4.43
4.49
4.43
4.6
4.51
4.6
4.53
4.36
4.48
4.57
4.44
4.42
4.47
4.32
4.22
4.21
4.23
4.03
3.95
4.06
4.08
4.05
4.05
3.9
3.82
3.8
3.83
3.82
3.95
4.06
4.18
4.11
4.08
4.06
4.03
3.98
3.9
3.84
3.77
3.75
3.83
3.9
3.78
3.81
3.92
3.86
3.88
3.92
3.85
4
4.04
4.11
4.12
4.04
4.02
4.03
3.93
3.81
3.71
3.58
3.54
3.44
3.3
3.27
3.26
3.18
3.1
3.27
3.14
3.16
3.37
3.71
3.9
3.67
3.81
4.2
4.41
4.7
4.86
4.82
4.8
4.89
4.87
4.98
4.81
4.75
4.78
4.82
4.74
4.77
4.82
4.71
4.75
4.75
4.66
4.64
4.62
4.66
4.51
4.78
4.74
4.69
4.66
4.69
4.65
4.66
4.7
4.68
4.68
4.48
4.41
4.48
4.5
4.5
4.53
4.46
4.38
4.28
4.32
4.39
4.46
4.44
4.48
4.39
4.46
4.48
4.37
4.4
4.59
4.47
4.4
4.46
4.39
4.28
4.13
3.76
3.92
3.84
3.91
3.82
3.74
3.82
3.57
3.53
3.53
3.63
3.61
3.78
3.82
3.77
3.78
3.71
3.64
3.57
3.6
3.61
3.65
3.56
3.54
3.53
3.48
3.72
3.94
3.98
4.23
4.38
4.44
4.39
4.28
4.29
4.19
4.19
4.02
4.3
4.22
4.17
3.97
3.84
3.71
3.66
3.47
3.51
3.44
3.44
3.54
3.68
3.78
4.05
4.17
4.38
4.31
4.38
4.36
4.5
4.58
4.63
4.52
4.57
4.37
4.43
4.55
4.51
4.52
4.46
4.52
4.45
4.46
4.42
4.44
4.5
4.5
4.33
4.52
4.51
4.5
4.44
4.44
4.38
4.38
4.3
4.44
4.31
4.23
4.14
4.21
3.98
3.87
3.86
3.84
3.82
3.89
4.02
4.06
4.1
4.11
4.27
4.22
4.33
4.31
4.23
4.3
4.17
4.23
4.02
4.06
4.06
4
4.07
4.07
4.05
4
3.85
3.86
3.8
3.7
3.79
3.69
3.77
3.62
3.69
3.89
3.76
3.58
3.66
3.53
3.53
3.47
3.21
3.31
3.23
3.22
3.23
3.19
3.3
3.29
3.39
3.38
3.51
3.75
4.08
4.23
4.17
4.42
4.6
4.84
4.83
4.8
4.76
4.79
4.68
4.53
4.49
4.62
4.67
4.64
4.47
4.47
4.4
4.59
4.46
4.55
4.58
4.49
4.54
4.5
4.5
4.53
4.36
4.46
4.32
4.37
4.4
4.38
4.36
4.27
4.42
4.29
4.34
4.2
4.21
4.2
4.19
4.17
4.19
4.15
4.05
4.12
4.08
4.14
4.02
3.99
3.92
3.89
3.96
4
3.97
3.86
3.92
3.76
3.72
3.47
3.54
3.48
3.32
3.2
3.17
3.15
3.2
3.11
3.19
3.21
3.17
3.22
3.15
3.29
3.31
3.38
3.41
3.41
3.51
3.57
3.75
3.81
3.77
3.85
3.94
4.02
3.92
4.3
4.5
4.3
4.72
4.91
4.98
5.05
5.05
5.08
5.08
5.02
5.07
4.9
4.79
4.87
4.76
4.95
4.96
4.91
4.82
4.91
4.82
4.51
4.77
4.73
4.75
4.58
4.73
4.56
4.6
4.41
4.62
4.63
4.55
4.63
4.56
4.59
4.61
4.61
4.44
4.57
4.46
4.44
4.38
4.51
4.33
4.25
4.32
4.36
4.39
4.35
4.3
4.27
4.22
4.12
4.12
4.17
4.01
3.97
3.79
3.81
3.76
3.72
3.67
3.6
3.54
3.47
3.63
3.72
3.83
3.83
3.83
3.68
3.82
3.75
3.84
3.78
3.75
3.81
3.91
3.86
4.01
3.93
4.16
4.06
4.14
4.06
4.22
4.25
4.1
4.1
4.01
3.96
4.07
3.96
3.95
3.91
3.88
3.93
3.83
3.92
3.97
3.96
3.92
3.99
3.97
3.92
4.01
4.11
4.27
4.29
4.55
4.43
4.54
4.48
4.53
4.5
4.45
4.45
4.46
4.43
4.51
4.53
4.55
4.53
4.5
4.45
4.52
4.46
4.29
4.25
4.39
4.35
4.25
4.17
4.14
4.21
4.14
4.17
4.01
3.96
3.86
3.94
4
3.97
3.91
3.89
3.59
3.65
3.73
3.39
3.46
3.48
3.5
3.57
3.69
4
4.13
4.29
4.31
4.33
4.18
4.11
4.19
4.07
4.09
4.07
4.02
3.99
3.9
3.88
3.89
3.8
3.99
4.02
4.07
3.97
3.77
3.8
3.8
3.49
3.52
3.53
3.66
3.81
4.09
4.31
4.63
4.9
5.01
5.08
5.05
4.93
5
4.8
5.01
4.75
4.68
4.72
4.75
4.71
4.79
4.77
4.57
4.58
4.64
4.8
4.58
4.5
4.65
4.42
4.52
4.46
4.4
4.26
4.14
4.15
4.03
4.13
3.95
3.7
3.71
3.64
3.5
3.57
3.65
3.76
3.84
3.93
4.03
3.98
4.06
4.29
4.61
4.75
4.66
4.65
4.44
4.32
4.16
4.16
4.02
4.15
4.19
4.21
4.11
4.17
4.48
4.67
4.59
4.6
4.48
4.55
4.59
4.26
4.33
4.11
4.28
4.11
4.07
3.99
3.87
3.76
3.64
3.56
3.48
3.54
3.55
3.68
3.7
4.16
4.27
4.74
4.67
4.68
4.68
4.73
4.55
4.53
4.49
4.31
4.38
4.12
4.08
3.9
3.96
3.9
3.92
4.11
3.95
4.04
4.07
3.95
3.82
3.99
4.02
3.81
3.67
3.58
3.63
3.5
3.65
3.63
3.46
3.42
3.45
3.68
3.58
4.06
4.32
4.51
4.67
4.68
4.69
4.59
4.68
4.42
4.47
4.47
4.45
4.39
4.32
4.41
4.4
4.33
4.29
4.17
4.14
4.12
3.99
3.99
4.09
4.03
4.06
4.37
4.51
4.55
4.43
4.38
4.26
4.1
4.07
3.98
4.02
3.86
3.89
3.69
3.57
3.63
3.48
3.44
3.3
3.39
3.33
3.73
4.16
4.42
4.58
4.3
4.21
4.09
3.98
3.87
3.77
3.72
3.76
3.99
4.15
4.24
4.21
4.11
4.06
3.94
3.84
3.84
3.94
4.15
4.28
4.22
4.22
4.12
4.13
3.99
3.73
3.78
3.83
3.57
3.64
3.87
3.84
3.95
4.08
4.36
4.33
4.54
4.33
4.23
4.38
4.22
4.29
4.18
4.27
4.25
4.12
4.23
4.08
3.94
3.66
3.48
3.33
3.34
3.21
3.42
3.48
3.54
3.61
3.81
3.7
3.89
3.91
3.95
4.01
4
4.03
4.29
4.08
4.03
3.93
3.83
3.67
3.85
3.84
4.12
4.14
4.2
4.09
4.47
4.34
4.5
4.38
4.32
4.05
4.22
4.24
4.02
4.02
3.97
3.99
3.86
4.02
3.82
3.75
3.76
3.79
3.68
3.6
3.6
3.66
3.53
3.56
3.6
3.73
3.76
3.74
3.8
3.6
3.84
3.65
3.77
3.67
4.05
4.14
4.27
4.28
4.43
4.42
4.2
4.34
4.16
4.32
4.2
4.08
4.1
3.82
3.73
3.97
3.94
3.74
3.63
3.55
3.42
3.41
3.34
3.38
3.35
3.33
3.47
3.85
4.1
4.36
4.31
4.25
4.27
4.11
3.9
3.87
4.07
3.96
3.91
3.91
3.84
3.81
3.84
3.71
3.67
3.56
3.65
3.84
3.97
4.26
4.35
4.14
3.94
4.2
4.15
4.07
4.06
3.97
3.9
3.8
3.65
3.69
3.71
3.59
3.73
3.95
3.94
3.99
4
4.09
4.06
4.02
4.19
4.19
4.1
4.19
4.07
3.88
3.86
3.67
3.59
3.49
3.41
3.5
3.55
3.63
3.8
3.98
3.99
4.2
4.04
4.26
4.21
4.08
4.2
4.05
3.96
3.82
3.72
3.61
3.73
3.59
3.7
3.54
3.49
3.56
3.63
3.74
3.97
3.97
4.2
4.4
4.22
3.96
3.84
3.96
3.83
3.72
3.72
3.61
3.52
3.38
3.38
3.24
3.24
3.28
3.34
3.33
3.36
3.35
3.49
3.8
4.2
4.31
4.24
4.1
4.07
4.22
3.99
3.87
3.62
3.45
3.38
3.31
3.42
3.39
3.44
3.57
3.42
3.42
3.51
3.77
4.05
4.36
4.24
4.21
4.29
4.16
4.15
4.02
3.74
3.69
3.79
3.64
3.67
3.7
3.89
3.96
4.2
4.41
4.35
4.38
4.3
4.07
3.97
3.82
3.68
3.72
3.79
3.76
3.58
3.56
3.73
3.85
4.17
4.24
4.18
3.99
3.99
3.8
3.66
3.72
3.86
3.71
3.61
3.53
3.37
3.55
3.66
3.66
3.88
3.84
3.9
3.65
3.68
3.76
4.01
3.55
3.57
3.56
3.6
3.68
3.88
4.05
4.17
4.18
4.25
4.28
4.11
4.13
4.08
4.13
3.91
3.88
3.86
3.55
3.72
3.65
3.57
3.59
3.74
3.72
3.75
3.82
3.77
4.09
4.15
4.12
4.17
3.93
3.86
3.83
3.57
3.52
3.72
3.79
3.8
3.74
3.86
3.6
3.6
3.71
3.69
4.13
4.21
4.16
3.85
3.74
3.83
3.53
3.63
3.49
3.52
3.48
3.38
3.53
3.57
3.65
3.8
3.77
3.85
3.99
4.06
4.09
3.89
3.95
3.8
3.68
3.66
3.52
3.68
3.61
3.98
3.82
3.73
3.72
3.65
3.42
3.63
3.68
3.57
3.57
3.57
3.61
3.8
3.62
3.61
3.56
3.64
3.89
4.19
4.16
3.97
3.95
3.83
3.84
3.73
3.77
3.69
3.75
3.59
3.68
3.61
3.74
3.69
4.02
3.93
4.01
3.83
3.81
3.81
3.7
3.64
3.7
3.65
3.5
3.48
3.51
3.45
3.52
3.58
3.51
4.02
4.03
4.17
4.1
4.02
3.89
3.77
3.86
3.9
3.74
3.61
3.75
3.5
3.55
3.45
3.33
3.38
3.36
3.52
3.65
3.68
3.58
3.69
3.85
3.81
3.92
3.89
3.55
3.63
3.81
3.54
3.57
3.46
3.24
3.44
3.34
3.36
3.56
3.63
3.67
3.62
3.92
3.78
3.71
3.62
3.6
3.72
3.74
3.88
4.18
4.18
4.21
4.28
4.16
4.15
3.96
3.99
3.85
3.88
3.7
3.63
3.49
3.46
3.44
3.55
3.66
3.63
3.51
3.5
3.5
3.72
3.68
3.68
3.5
3.47
3.32
3.29
3.29
3.34
3.23
3.44
3.6
4
4.15
4.22
4.23
4.1
4.15
3.94
3.88
3.77
3.69
3.67
3.56
3.5
3.36
3.41
3.42
3.38
3.56
3.68
3.77
3.83
3.86
3.83
3.74
3.6
3.59
3.46
3.59
3.61
3.57
3.49
3.39
3.42
3.46
3.49
3.56
3.8
4.01
3.87
3.8
3.72
3.61
3.45
3.39
3.32
3.21
3.3
3.45
3.37
3.48
3.5
3.87
3.8
3.84
3.91
3.8
3.69
3.68
3.46
3.45
3.27
3.28
3.36
3.35
3.43
3.61
3.7
3.74
3.75
3.76
3.6
3.52
3.64
3.64
3.52
3.39
3.29
3.2
3.33
3.37
3.25
3.58
3.72
3.8
3.96
3.92
3.76
3.87
3.63
3.72
3.63
3.39
3.38
3.37
3.24
3.33
3.48
3.54
3.6
3.41
3.46
3.48
3.67
3.69
3.41
3.29
3.37
3.37
3.33
3.35
3.53
3.49
3.66
3.93
4.17
4.09
4.14
4.01
4
3.95
3.91
3.73
3.69
3.45
3.39
3.39
3.21
3.25
3.31
3.32
3.43
3.57
3.7
3.7
3.96
3.99
4.16
3.83
3.65
3.62
3.43
3.18
3.35
3.48
3.42
3.65
3.76
3.89
4.12
4.13
4.06
4.13
4.03
3.89
3.93
3.73
3.74
3.63
3.35
3.27
3.18
3.21
3.28
3.43
3.39
3.37
3.38
3.63
3.53
3.47
3.47
3.41
3.32
3.23
3.26
3.16
3.27
3.43
3.45
3.47
3.74
3.9
3.86
3.81
3.85
3.62
3.64
3.44
3.45
3.27
3.24
3.31
3.26
3.23
3.44
3.45
3.48
3.66
3.72
3.84
3.69
3.51
3.41
3.35
3.14
3.23
3.05
3.25
3.24
3.19
3.2
3.22
3.36
3.37
3.54
3.68
3.75
3.61
3.53
3.61
3.57
3.61
3.48
3.79
3.76
3.7
3.76
3.87
3.8
3.8
3.77
3.66
3.61
3.47
3.39
3.27
3.12
3.18
3.04
3.15
3.09
3.13
3.21
3.19
3.16
3.27
3.24
3.24
3.15
3.13
3.28
3.31
3.23
3.18
3.16
3.19
3.24
3.21
3.26
3.41
3.4
3.5
3.74
3.78
3.73
3.65
3.66
3.63
3.45
3.38
3.26
3.15
3.12
3.16
3.11
3.17
3.27
3.34
3.42
3.38
3.5
3.4
3.42
3.44
3.33
3.19
3.25
3.37
3.31
3.3
3.23
3.23
3.47
3.48
3.45
3.5
3.46
3.49
3.34
3.29
3.14
3.22
3.21
3.32
3.28
3.27
3.3
3.49
3.41
3.51
3.5
3.5
3.33
3.43
3.51
3.31
3.18
3.09
2.95
2.95
3.06
2.93
2.92
3.16
3.23
3.08
3.18
3.16
3.35
3.3
3.33
3.48
3.43
3.45
3.26
3.07
3.15
3.18
3.21
3.2
3.22
3.36
3.44
3.46
3.52
3.49
3.32
3.13
3.09
3.23
3.31
3.33
3.14
2.95
3.05
3.09
3.1
3.09
2.94
3.18
3.18
3.08
3.06
3.13
3.22
3.26
3.34
3.38
3.45
3.38
3.35
3.16
2.95
3.01
3.04
3.14
3.19
3.16
3.08
2.95
3.09
3.02
3
3.02
3.2
3.13
3.21
3.13
3.24
3.04
3.04
3.03
3.17
3.16
3.32
3.27
3.33
3.26
3.4
3.65
3.74
3.71
3.42
3.37
3.22
3.1
3.2
3.21
3.25
3.41
3.31
3.18
3.22
3.17
3.11
3.15
3.35
3.35
3.25
3.16
3.08
3.13
3.14
3.08
2.99
3.1
3.2
3.11
2.9
2.9
3.04
3.12
3.03
3.07
3.23
3.09
2.92
2.89
3
2.98
3.06
2.93
2.95
2.97
3.04
3.11
3.18
3.14
3.01
2.92
3.01
3.11
3.12
3.14
3.05
2.89
2.94
3.18
3.16
3.15
2.99
3
3.09
2.93
3.04
3.2
3.33
3.41
3.29
3.05
2.98
2.96
3.14
3.18
3.4
3.45
3.21
3.05
2.98
2.92
3.02
3.05
3.1
3.28
3.29
2.97
2.83
3
2.93
2.96
3.2
3.08
2.98
2.93
2.89
3.09
3.08
3.05
2.97
3.06
3.21
3
3.1
3.05
3
2.99
3.22
3.26
3.05
2.86
2.88
2.9
2.89
2.89
3.17
3.16
3.25
3.01
2.95
2.89
3.06
2.92
2.92
2.87
3.07
3.08
2.91
2.89
2.83
2.97
3.04
3.02
2.9
2.89
2.94
3.01
3.01
3.06
3.06
3.24
3.3
3.23
3.16
2.96
2.95
3.07
3.02
3.12
3.17
3.2
3.16
3.06
3.06
3.1
3.01
3.08
3.02
3.01
3.03
3.07
3.07
2.87
2.88
2.87
2.91
2.94
3
2.82
2.98
2.92
2.98
3.11
3.16
3.11
3
3.06
2.99
2.87
2.86
2.95
3.04
3.11
3.04
3
2.85
3
2.98
2.91
3.03
3.03
3.06
2.99
3.1
2.95
2.96
2.88
3.06
2.9
2.95
3.02
3.03
3.04
2.88
2.86
2.85
2.84
2.83
3
2.85
2.73
2.87
2.84
2.89
3.03
3.07
2.95
2.89
2.98
2.76
2.83
2.94
2.99
3.08
3.03
3.13
2.97
2.94
2.88
2.92
2.88
2.9
3.03
2.95
2.85
2.85
2.87
2.86
2.95
2.92
3.1
3.1
3.12
3.07
2.93
2.99
2.79
3.01
3.04
3.09
2.87
2.81
2.88
2.9
3.02
2.93
2.98
3.16
3.11
3.1
3
3
2.98
3.09
3.14
3.05
3.04
3.01
3.02
2.95
2.95
2.93
3.09
3.13
2.88
2.97
2.86
2.92
2.86
3.06
3.17
3.08
3.13
2.97
2.92
3.03
2.95
3.13
3.14
3.09
2.91
2.96
3.04
2.86
2.92
3
3.2
3.17
3
2.99
2.93
2.96
2.99
2.99
3.15
3.15
3.03
2.83
2.85
2.96
3.04
3.24
3.3
3.08
3.06
2.98
2.88
2.86
2.91
3.18
3.27
3.3
3.15
3.03
2.85
2.85
2.96
2.77
2.91
3.03
3.07
3.03
3.05
2.84
2.86
2.91
2.93
2.94
3.17
2.95
2.74
2.85
2.79
2.95
2.94
2.87
2.74
2.74
2.77
2.79
3.06
3.17
3.04
3.06
2.85
2.9
2.93
2.69
2.78
2.81
2.66
2.88
3
3.04
2.92
2.86
2.8
2.72
2.68
2.65
2.94
2.9
2.89
2.91
2.82
2.95
3.02
3.21
3.11
3.02
3
2.82
2.86
3
2.96
2.87
2.84
2.93
2.98
2.77
2.92
2.97
3.06
3.09
3.01
2.98
2.8
2.89
2.89
2.8
2.92
2.97
2.91
2.79
2.79
2.84
2.91
